i, epoch, loss, l2_err, h1_err
  0     1 -1.33551e+01 9.72849e-01 1.09226e+00
  1     2 -2.70105e+01 9.64483e-01 1.06062e+00
  2     3 -3.45866e+01 9.63046e-01 1.10505e+00
  3     4 -3.70413e+01 9.32916e-01 1.18791e+00
  4     5 -4.30778e+01 8.98896e-01 1.32320e+00
  5     6 -5.04117e+01 8.73271e-01 1.47035e+00
  6     7 -5.16680e+01 8.52135e-01 1.57597e+00
  7     8 -5.32790e+01 8.32254e-01 1.63264e+00
  8     9 -5.33799e+01 8.15148e-01 1.66100e+00
  9    10 -6.20844e+01 8.02069e-01 1.67511e+00
 10    11 -6.08724e+01 7.90499e-01 1.68423e+00
 11    12 -6.44673e+01 7.75124e-01 1.68788e+00
 12    13 -6.56961e+01 7.51864e-01 1.68398e+00
 13    14 -6.35142e+01 7.23791e-01 1.67175e+00
 14    15 -6.41542e+01 6.96358e-01 1.65001e+00
 15    16 -6.73149e+01 6.71659e-01 1.61785e+00
 16    17 -6.58521e+01 6.49938e-01 1.57622e+00
 17    18 -6.90931e+01 6.32244e-01 1.52635e+00
 18    19 -6.76720e+01 6.18706e-01 1.47101e+00
 19    20 -6.96528e+01 6.08476e-01 1.41294e+00
 20    21 -7.07283e+01 5.98028e-01 1.35610e+00
 21    22 -6.75611e+01 5.84585e-01 1.30084e+00
 22    23 -7.22200e+01 5.66034e-01 1.24756e+00
 23    24 -7.08969e+01 5.43334e-01 1.19581e+00
 24    25 -7.03981e+01 5.19369e-01 1.14507e+00
 25    26 -6.71168e+01 4.96927e-01 1.09454e+00
 26    27 -6.73806e+01 4.77137e-01 1.04290e+00
 27    28 -7.44139e+01 4.60955e-01 9.90137e-01
 28    29 -7.02951e+01 4.48226e-01 9.37720e-01
 29    30 -6.84883e+01 4.38093e-01 8.87266e-01
 30    31 -6.98248e+01 4.28465e-01 8.40200e-01
 31    32 -7.31446e+01 4.16384e-01 7.96679e-01
 32    33 -7.42283e+01 4.00450e-01 7.56441e-01
 33    34 -7.09397e+01 3.81191e-01 7.19553e-01
 34    35 -6.93309e+01 3.61228e-01 6.86388e-01
 35    36 -6.76045e+01 3.43024e-01 6.55811e-01
 36    37 -7.11148e+01 3.27912e-01 6.26373e-01
 37    38 -7.57174e+01 3.15708e-01 5.96871e-01
 38    39 -6.94295e+01 3.06390e-01 5.68237e-01
 39    40 -7.24472e+01 2.98032e-01 5.42078e-01
 40    41 -7.05886e+01 2.88242e-01 5.19137e-01
 41    42 -7.25666e+01 2.74566e-01 4.99409e-01
 42    43 -7.13221e+01 2.56862e-01 4.81839e-01
 43    44 -7.23005e+01 2.37825e-01 4.66082e-01
 44    45 -7.09824e+01 2.20691e-01 4.51988e-01
 45    46 -7.12489e+01 2.07788e-01 4.38413e-01
 46    47 -7.52779e+01 1.99394e-01 4.25125e-01
 47    48 -7.45851e+01 1.95428e-01 4.12560e-01
 48    49 -7.39653e+01 1.93420e-01 4.01629e-01
 49    50 -7.14292e+01 1.92481e-01 3.96526e-01
 50    51 -6.87853e+01 1.90610e-01 3.91226e-01
 51    52 -7.19937e+01 1.87483e-01 3.85572e-01
 52    53 -7.08963e+01 1.83641e-01 3.79921e-01
 53    54 -7.10768e+01 1.79565e-01 3.74410e-01
 54    55 -7.22973e+01 1.75112e-01 3.68757e-01
 55    56 -7.47884e+01 1.70939e-01 3.62763e-01
 56    57 -7.06260e+01 1.67539e-01 3.56601e-01
 57    58 -7.35534e+01 1.64696e-01 3.49934e-01
 58    59 -7.45929e+01 1.62659e-01 3.43225e-01
 59    60 -7.27523e+01 1.61238e-01 3.36508e-01
 60    61 -7.30244e+01 1.60119e-01 3.30166e-01
 61    62 -6.93566e+01 1.58877e-01 3.24177e-01
 62    63 -7.09419e+01 1.57474e-01 3.18642e-01
 63    64 -7.40298e+01 1.55778e-01 3.13442e-01
 64    66 -7.32336e+01 1.50782e-01 3.03629e-01
 65    67 -7.38797e+01 1.48289e-01 2.99266e-01
 66    68 -7.21842e+01 1.46524e-01 2.95107e-01
 67    69 -6.86985e+01 1.45221e-01 2.91049e-01
 68    70 -7.33698e+01 1.44223e-01 2.87291e-01
 69    71 -7.29151e+01 1.43595e-01 2.83659e-01
 70    73 -7.60883e+01 1.43125e-01 2.76573e-01
 71    74 -7.38504e+01 1.42728e-01 2.73286e-01
 72    75 -7.41490e+01 1.42011e-01 2.70239e-01
 73    77 -7.27779e+01 1.38665e-01 2.64707e-01
 74    78 -6.97789e+01 1.36586e-01 2.62491e-01
 75    79 -7.28661e+01 1.34812e-01 2.60537e-01
 76    81 -7.44360e+01 1.32100e-01 2.56737e-01
 77    82 -7.22167e+01 1.31650e-01 2.54997e-01
 78    84 -7.19336e+01 1.31326e-01 2.51517e-01
 79    85 -7.24609e+01 1.30848e-01 2.49620e-01
 80    87 -7.02066e+01 1.28524e-01 2.45454e-01
 81    88 -7.20359e+01 1.27070e-01 2.43249e-01
 82    90 -7.50228e+01 1.24919e-01 2.38963e-01
 83    91 -7.08362e+01 1.24255e-01 2.36859e-01
 84    93 -6.96258e+01 1.23653e-01 2.33217e-01
 85    94 -7.30485e+01 1.23538e-01 2.31752e-01
 86    96 -7.36141e+01 1.21992e-01 2.28953e-01
 87    98 -7.38628e+01 1.19353e-01 2.26642e-01
 88   100 -7.25421e+01 1.17980e-01 2.24635e-01
 89   101 -7.29118e+01 1.18017e-01 2.23551e-01
 90   103 -7.27749e+01 1.18489e-01 2.21520e-01
 91   105 -7.24653e+01 1.17498e-01 2.19902e-01
 92   107 -6.87590e+01 1.15216e-01 2.18271e-01
 93   109 -7.62299e+01 1.14130e-01 2.17122e-01
 94   110 -7.18779e+01 1.14208e-01 2.16984e-01
 95   112 -6.92911e+01 1.14097e-01 2.16633e-01
 96   114 -7.27742e+01 1.14047e-01 2.15767e-01
 97   116 -7.27469e+01 1.12785e-01 2.13952e-01
 98   118 -7.51784e+01 1.11065e-01 2.12436e-01
 99   120 -7.10971e+01 1.10572e-01 2.10697e-01
100   123 -7.00727e+01 1.11153e-01 2.08159e-01
101   125 -7.33510e+01 1.11143e-01 2.06825e-01
102   127 -7.35460e+01 1.10456e-01 2.05656e-01
103   129 -7.16202e+01 1.09315e-01 2.05470e-01
104   131 -7.53755e+01 1.08247e-01 2.05622e-01
105   134 -7.12292e+01 1.07838e-01 2.04745e-01
106   136 -7.13729e+01 1.08085e-01 2.03363e-01
107   138 -7.53139e+01 1.07551e-01 2.02279e-01
108   141 -7.28182e+01 1.07481e-01 2.01442e-01
109   143 -6.85443e+01 1.07644e-01 2.01154e-01
110   146 -6.91821e+01 1.08441e-01 2.00445e-01
111   148 -7.29412e+01 1.08448e-01 2.00398e-01
112   151 -7.18805e+01 1.08017e-01 2.00447e-01
113   154 -7.25789e+01 1.07999e-01 2.00757e-01
114   156 -7.42232e+01 1.08046e-01 2.01046e-01
115   159 -7.36684e+01 1.08770e-01 2.01180e-01
116   162 -7.14004e+01 1.09170e-01 2.01272e-01
117   165 -7.12798e+01 1.08599e-01 2.01244e-01
118   168 -7.15871e+01 1.08278e-01 2.01021e-01
119   171 -7.27661e+01 1.08959e-01 2.00484e-01
120   174 -7.34787e+01 1.09348e-01 2.00310e-01
121   177 -7.15987e+01 1.08774e-01 2.00399e-01
122   180 -7.10101e+01 1.08733e-01 2.00584e-01
123   183 -7.44624e+01 1.09389e-01 2.00981e-01
124   186 -6.74784e+01 1.09476e-01 2.01084e-01
125   189 -7.24302e+01 1.09108e-01 2.00683e-01
126   193 -6.99873e+01 1.09398e-01 2.00160e-01
127   196 -7.22397e+01 1.09296e-01 1.99630e-01
128   199 -7.36064e+01 1.08812e-01 1.99256e-01
129   203 -7.01343e+01 1.08768e-01 1.99468e-01
130   206 -7.04725e+01 1.09313e-01 1.99484e-01
131   210 -7.63786e+01 1.09729e-01 1.99206e-01
132   214 -7.28495e+01 1.09227e-01 1.98131e-01
133   217 -7.08609e+01 1.10210e-01 1.97510e-01
134   221 -7.28700e+01 1.10975e-01 1.98655e-01
135   225 -7.01057e+01 1.09980e-01 2.00570e-01
136   229 -7.55757e+01 1.09345e-01 2.00781e-01
137   233 -7.48751e+01 1.10338e-01 1.99565e-01
138   237 -7.31774e+01 1.10064e-01 1.98159e-01
139   241 -7.45668e+01 1.08918e-01 1.98292e-01
140   246 -7.37343e+01 1.10416e-01 1.97823e-01
141   250 -7.34891e+01 1.10489e-01 1.97235e-01
142   254 -7.07568e+01 1.09415e-01 1.97011e-01
143   259 -7.23773e+01 1.10010e-01 1.96501e-01
144   263 -7.39969e+01 1.10559e-01 1.96779e-01
145   268 -7.26229e+01 1.10017e-01 1.96111e-01
146   272 -7.34326e+01 1.10251e-01 1.95666e-01
147   277 -7.27967e+01 1.09878e-01 1.95890e-01
148   282 -7.37903e+01 1.09922e-01 1.96853e-01
149   287 -7.33534e+01 1.09508e-01 1.97750e-01
150   292 -7.02111e+01 1.10183e-01 1.97125e-01
151   297 -7.08866e+01 1.10431e-01 1.97456e-01
152   302 -7.44547e+01 1.11191e-01 1.97238e-01
153   308 -7.33326e+01 1.11242e-01 1.97252e-01
154   313 -7.45270e+01 1.11062e-01 1.97566e-01
155   318 -7.63515e+01 1.11294e-01 1.97788e-01
156   324 -7.03551e+01 1.11817e-01 1.98158e-01
157   330 -7.06607e+01 1.11683e-01 1.98469e-01
158   335 -7.39218e+01 1.11177e-01 1.98394e-01
159   341 -7.10613e+01 1.11095e-01 1.97202e-01
160   347 -7.11734e+01 1.11874e-01 1.96943e-01
161   353 -7.41939e+01 1.11037e-01 1.96975e-01
162   360 -7.29583e+01 1.11877e-01 1.97418e-01
163   366 -7.11319e+01 1.12432e-01 1.97868e-01
164   372 -7.25617e+01 1.11892e-01 1.96887e-01
165   379 -7.53010e+01 1.11518e-01 1.96720e-01
166   385 -7.33959e+01 1.12405e-01 1.97439e-01
167   392 -7.27109e+01 1.12062e-01 1.97575e-01
168   399 -7.45263e+01 1.11239e-01 1.96516e-01
169   406 -7.44105e+01 1.11658e-01 1.96099e-01
170   413 -7.28396e+01 1.11389e-01 1.97190e-01
171   420 -7.55488e+01 1.11304e-01 1.97344e-01
172   428 -6.93100e+01 1.11491e-01 1.96432e-01
173   435 -7.11341e+01 1.11227e-01 1.95195e-01
174   443 -7.23893e+01 1.10873e-01 1.94401e-01
175   450 -7.26323e+01 1.10479e-01 1.94571e-01
176   458 -7.21546e+01 1.11123e-01 1.94523e-01
177   466 -7.31888e+01 1.11472e-01 1.94774e-01
178   474 -7.53044e+01 1.11498e-01 1.94224e-01
179   483 -7.18291e+01 1.12133e-01 1.96222e-01
180   491 -7.03885e+01 1.12161e-01 1.97067e-01
181   500 -7.05403e+01 1.12900e-01 1.95597e-01
182   509 -7.47929e+01 1.12851e-01 1.95564e-01
183   517 -7.32874e+01 1.12565e-01 1.95539e-01
184   526 -6.99683e+01 1.12617e-01 1.95688e-01
185   536 -7.12384e+01 1.12689e-01 1.95419e-01
186   545 -6.98991e+01 1.12929e-01 1.95616e-01
187   555 -7.45663e+01 1.13055e-01 1.95414e-01
188   564 -7.47391e+01 1.13137e-01 1.94981e-01
189   574 -7.31196e+01 1.13066e-01 1.95333e-01
190   584 -6.74229e+01 1.13019e-01 1.95162e-01
191   594 -7.32702e+01 1.12226e-01 1.94683e-01
192   605 -7.04170e+01 1.11907e-01 1.94359e-01
193   615 -7.31548e+01 1.12265e-01 1.93455e-01
194   626 -6.72633e+01 1.12359e-01 1.94552e-01
195   637 -7.53053e+01 1.12834e-01 1.94812e-01
196   648 -7.62980e+01 1.12290e-01 1.95051e-01
197   660 -7.28056e+01 1.12695e-01 1.94689e-01
198   671 -7.32611e+01 1.13577e-01 1.93560e-01
199   683 -7.13512e+01 1.13283e-01 1.94630e-01
200   695 -6.91976e+01 1.13922e-01 1.95466e-01
201   707 -6.95259e+01 1.13467e-01 1.95312e-01
202   719 -7.24055e+01 1.13476e-01 1.94750e-01
203   732 -7.17685e+01 1.13224e-01 1.94594e-01
204   745 -7.44804e+01 1.13890e-01 1.94711e-01
205   758 -7.54916e+01 1.13905e-01 1.94328e-01
206   771 -7.43329e+01 1.14474e-01 1.94516e-01
207   784 -7.67400e+01 1.13846e-01 1.94533e-01
208   798 -7.18597e+01 1.14192e-01 1.94939e-01
209   812 -7.17949e+01 1.14202e-01 1.94410e-01
210   826 -7.35197e+01 1.14557e-01 1.94948e-01
211   841 -7.14492e+01 1.14396e-01 1.95094e-01
212   855 -7.59283e+01 1.14113e-01 1.94717e-01
213   870 -7.22617e+01 1.13847e-01 1.94364e-01
214   885 -7.37461e+01 1.14060e-01 1.94904e-01
215   901 -7.61978e+01 1.14561e-01 1.94364e-01
216   917 -7.18429e+01 1.14442e-01 1.93922e-01
217   933 -7.34420e+01 1.14109e-01 1.94917e-01
218   949 -7.34915e+01 1.14468e-01 1.95292e-01
219   965 -7.11381e+01 1.14822e-01 1.95113e-01
220   982 -7.46988e+01 1.14349e-01 1.94258e-01
221  1000 -7.57987e+01 1.14280e-01 1.94343e-01
