i, epoch, loss, l2_err, h1_err
  0     1 -1.23043e+00 9.65359e-01 1.89040e+00
  1     2 -1.86075e+01 9.42931e-01 2.09318e+00
  2     3 -3.33119e+01 9.28342e-01 2.54577e+00
  3     4 -3.44660e+01 9.12374e-01 2.56419e+00
  4     5 -4.30549e+01 9.10765e-01 2.52911e+00
  5     6 -4.40755e+01 9.08767e-01 2.55164e+00
  6     7 -4.83697e+01 9.03923e-01 2.59222e+00
  7     8 -5.02803e+01 8.98660e-01 2.62150e+00
  8     9 -5.53340e+01 8.94849e-01 2.63632e+00
  9    10 -5.24604e+01 8.90535e-01 2.60269e+00
 10    11 -5.45214e+01 8.85811e-01 2.55615e+00
 11    12 -5.92052e+01 8.79888e-01 2.50049e+00
 12    13 -5.68728e+01 8.73012e-01 2.44529e+00
 13    14 -5.96360e+01 8.65860e-01 2.41985e+00
 14    15 -6.21289e+01 8.58456e-01 2.39788e+00
 15    16 -5.92200e+01 8.51256e-01 2.36601e+00
 16    17 -6.14982e+01 8.44382e-01 2.31791e+00
 17    18 -6.23691e+01 8.37630e-01 2.25433e+00
 18    19 -6.63381e+01 8.31044e-01 2.19797e+00
 19    20 -6.21504e+01 8.24153e-01 2.15170e+00
 20    21 -6.45319e+01 8.16975e-01 2.11390e+00
 21    22 -6.48927e+01 8.09350e-01 2.08202e+00
 22    23 -6.58876e+01 8.01300e-01 2.04672e+00
 23    24 -6.66361e+01 7.92827e-01 2.00514e+00
 24    25 -6.59749e+01 7.83909e-01 1.96124e+00
 25    26 -6.75065e+01 7.74618e-01 1.91125e+00
 26    27 -6.65378e+01 7.65244e-01 1.86106e+00
 27    28 -6.61882e+01 7.55893e-01 1.81232e+00
 28    29 -6.88886e+01 7.46826e-01 1.76130e+00
 29    30 -7.01356e+01 7.37703e-01 1.71367e+00
