i, epoch, loss, l2_err, h1_err
  0     1 -1.02596e+01 8.89048e-01 9.52825e-01
  1     2 -1.87306e+01 8.20336e-01 8.74924e-01
  2     3 -2.81563e+01 7.53757e-01 8.03672e-01
  3     4 -3.69237e+01 6.95386e-01 7.46910e-01
  4     5 -4.32214e+01 6.54668e-01 7.17979e-01
  5     6 -4.82358e+01 6.32849e-01 7.12043e-01
  6     7 -5.41206e+01 6.14395e-01 7.21502e-01
  7     8 -5.46611e+01 5.90715e-01 7.26816e-01
  8     9 -5.81060e+01 5.52821e-01 7.24259e-01
  9    10 -6.00364e+01 5.02534e-01 7.12893e-01
 10    11 -6.21450e+01 4.42703e-01 6.92946e-01
 11    12 -6.19957e+01 3.83699e-01 6.64260e-01
 12    13 -6.52978e+01 3.32470e-01 6.31300e-01
 13    14 -6.36228e+01 2.88089e-01 5.96564e-01
 14    15 -6.61668e+01 2.52386e-01 5.62507e-01
 15    16 -6.29010e+01 2.13195e-01 5.26169e-01
 16    17 -6.70060e+01 1.69768e-01 4.86988e-01
 17    18 -7.00375e+01 1.44730e-01 4.49956e-01
 18    19 -7.57194e+01 1.30727e-01 4.18728e-01
 19    20 -7.19425e+01 1.23121e-01 3.97069e-01
 20    21 -6.97913e+01 1.31912e-01 3.88687e-01
 21    22 -7.16323e+01 1.41661e-01 3.84807e-01
 22    23 -7.13501e+01 1.41706e-01 3.77601e-01
 23    24 -7.12126e+01 1.51770e-01 3.74650e-01
 24    25 -6.88920e+01 1.67222e-01 3.80231e-01
 25    26 -7.44147e+01 1.78087e-01 3.95396e-01
 26    27 -7.00146e+01 1.88095e-01 4.16607e-01
 27    28 -7.26727e+01 1.99715e-01 4.34687e-01
 28    29 -6.93927e+01 2.13772e-01 4.43935e-01
 29    30 -6.89295e+01 2.32789e-01 4.50115e-01
 30    31 -7.08743e+01 2.47350e-01 4.57136e-01
 31    32 -6.64995e+01 2.46408e-01 4.65187e-01
 32    33 -7.02650e+01 2.40198e-01 4.68357e-01
 33    34 -7.25816e+01 2.37692e-01 4.64204e-01
 34    35 -7.15392e+01 2.41848e-01 4.51353e-01
 35    36 -7.46621e+01 2.47252e-01 4.35714e-01
 36    37 -7.00232e+01 2.43327e-01 4.22420e-01
 37    38 -7.06595e+01 2.29700e-01 4.10942e-01
 38    39 -7.04149e+01 2.16483e-01 3.98352e-01
 39    40 -6.91891e+01 2.10195e-01 3.79474e-01
 40    41 -7.09820e+01 2.09461e-01 3.56516e-01
 41    42 -7.11906e+01 2.01098e-01 3.35032e-01
 42    43 -7.50572e+01 1.83351e-01 3.16410e-01
 43    44 -7.03436e+01 1.64019e-01 2.99549e-01
 44    45 -7.23642e+01 1.50042e-01 2.81594e-01
 45    46 -7.08721e+01 1.40389e-01 2.62517e-01
 46    47 -7.20574e+01 1.30174e-01 2.47392e-01
 47    48 -7.35021e+01 1.18055e-01 2.36633e-01
 48    49 -7.24647e+01 1.05992e-01 2.28920e-01
 49    50 -7.15660e+01 1.00557e-01 2.25742e-01
 50    51 -7.39189e+01 9.58658e-02 2.22713e-01
 51    52 -7.28488e+01 9.15627e-02 2.20104e-01
 52    53 -7.18575e+01 8.79719e-02 2.16915e-01
 53    54 -7.15272e+01 8.45499e-02 2.13154e-01
 54    55 -7.32329e+01 8.16415e-02 2.09183e-01
 55    56 -6.99395e+01 7.83287e-02 2.05446e-01
 56    57 -6.99226e+01 7.40082e-02 2.02619e-01
 57    58 -7.00478e+01 7.00063e-02 2.00267e-01
 58    59 -7.39685e+01 6.67663e-02 1.98192e-01
 59    60 -7.33662e+01 6.44396e-02 1.96089e-01
 60    61 -7.21092e+01 6.21526e-02 1.92658e-01
 61    62 -7.44835e+01 5.97848e-02 1.89124e-01
 62    63 -7.31832e+01 5.70880e-02 1.86452e-01
 63    64 -7.13564e+01 5.40535e-02 1.84811e-01
 64    66 -7.19693e+01 4.92770e-02 1.83547e-01
 65    67 -7.23466e+01 4.78526e-02 1.83350e-01
 66    68 -7.10175e+01 4.66048e-02 1.82980e-01
 67    69 -6.96623e+01 4.56592e-02 1.82887e-01
 68    70 -7.40712e+01 4.49218e-02 1.82890e-01
 69    71 -7.38932e+01 4.48303e-02 1.83628e-01
 70    73 -7.15543e+01 4.72611e-02 1.86888e-01
 71    74 -7.14947e+01 5.00184e-02 1.89228e-01
 72    75 -7.14069e+01 5.10278e-02 1.90331e-01
 73    77 -7.12146e+01 5.14439e-02 1.91518e-01
 74    78 -7.28702e+01 5.10642e-02 1.91768e-01
 75    79 -7.07578e+01 5.17756e-02 1.92546e-01
 76    81 -7.36809e+01 5.59320e-02 1.95359e-01
 77    82 -7.23031e+01 5.96745e-02 1.97457e-01
 78    84 -7.48194e+01 6.30910e-02 1.99655e-01
 79    85 -7.31710e+01 6.36591e-02 2.00207e-01
 80    87 -6.95296e+01 6.70195e-02 2.02209e-01
 81    88 -7.17308e+01 7.07522e-02 2.04070e-01
 82    90 -7.44594e+01 7.65097e-02 2.06747e-01
 83    91 -7.04559e+01 7.68036e-02 2.06916e-01
 84    93 -7.15110e+01 7.88508e-02 2.07887e-01
 85    94 -7.40624e+01 7.99199e-02 2.08401e-01
 86    96 -7.21609e+01 8.39385e-02 2.10150e-01
 87    98 -7.31258e+01 8.54730e-02 2.10708e-01
 88   100 -7.55203e+01 8.55236e-02 2.10747e-01
 89   101 -7.32200e+01 8.60722e-02 2.10939e-01
 90   103 -6.98084e+01 9.01284e-02 2.12497e-01
 91   105 -7.00729e+01 9.34812e-02 2.13502e-01
 92   107 -7.36253e+01 9.43641e-02 2.13519e-01
 93   109 -7.14114e+01 9.01166e-02 2.11468e-01
 94   110 -7.42620e+01 9.09376e-02 2.11485e-01
 95   112 -7.08710e+01 9.65309e-02 2.12783e-01
 96   114 -7.14699e+01 9.67526e-02 2.12165e-01
 97   116 -6.91759e+01 9.42911e-02 2.10600e-01
 98   118 -7.20671e+01 9.39386e-02 2.09888e-01
 99   120 -7.40614e+01 9.90508e-02 2.11125e-01
100   123 -7.22955e+01 9.69323e-02 2.09323e-01
101   125 -7.08392e+01 9.23485e-02 2.07040e-01
102   127 -7.22320e+01 9.83010e-02 2.08371e-01
103   129 -7.26340e+01 9.91984e-02 2.08286e-01
104   131 -7.13250e+01 9.33804e-02 2.06431e-01
105   134 -7.51838e+01 1.05020e-01 2.10021e-01
106   136 -7.26805e+01 1.05126e-01 2.09632e-01
107   138 -7.27925e+01 9.61353e-02 2.06086e-01
108   141 -7.23495e+01 1.04531e-01 2.07610e-01
109   143 -7.48138e+01 1.03458e-01 2.07042e-01
110   146 -7.06468e+01 9.96615e-02 2.06079e-01
111   148 -7.18329e+01 1.06374e-01 2.08102e-01
112   151 -7.38820e+01 1.01626e-01 2.06339e-01
113   154 -7.29899e+01 9.75549e-02 2.04775e-01
114   156 -7.43858e+01 1.00564e-01 2.05511e-01
115   159 -7.31343e+01 1.04163e-01 2.06655e-01
116   162 -7.13177e+01 1.01907e-01 2.06024e-01
117   165 -7.45553e+01 1.01987e-01 2.05805e-01
118   168 -7.33098e+01 1.06389e-01 2.06576e-01
119   171 -7.27087e+01 1.01553e-01 2.04599e-01
120   174 -7.12166e+01 1.02473e-01 2.04035e-01
121   177 -7.21478e+01 1.06671e-01 2.04575e-01
122   180 -7.16764e+01 1.05923e-01 2.03879e-01
123   183 -6.89678e+01 1.01419e-01 2.02060e-01
124   186 -7.16982e+01 1.03984e-01 2.02430e-01
125   189 -7.43025e+01 1.03796e-01 2.02014e-01
126   193 -7.22052e+01 1.02479e-01 2.01769e-01
127   196 -7.39382e+01 1.08057e-01 2.03629e-01
128   199 -7.32372e+01 1.03488e-01 2.02691e-01
129   203 -7.34098e+01 1.05508e-01 2.03374e-01
130   206 -7.27718e+01 1.07407e-01 2.03651e-01
131   210 -7.30528e+01 1.05060e-01 2.02358e-01
132   214 -7.02768e+01 1.08199e-01 2.02100e-01
133   217 -7.70149e+01 1.03560e-01 2.00470e-01
134   221 -7.03826e+01 1.09547e-01 2.01722e-01
135   225 -7.45646e+01 1.05090e-01 2.00584e-01
136   229 -7.28654e+01 1.08535e-01 2.01667e-01
137   233 -7.19842e+01 1.07871e-01 2.01327e-01
138   237 -7.03702e+01 1.06901e-01 2.00378e-01
139   241 -6.91203e+01 1.07020e-01 1.99919e-01
140   246 -7.42921e+01 1.07527e-01 1.99461e-01
141   250 -7.53435e+01 1.05440e-01 1.98360e-01
142   254 -7.21306e+01 1.10304e-01 1.99307e-01
143   259 -7.63294e+01 1.08741e-01 1.98441e-01
144   263 -7.31022e+01 1.06745e-01 1.96991e-01
145   268 -7.39827e+01 1.09657e-01 1.96652e-01
146   272 -7.46473e+01 1.07753e-01 1.96061e-01
147   277 -7.16316e+01 1.11088e-01 1.96182e-01
148   282 -7.20265e+01 1.10998e-01 1.95774e-01
149   287 -7.27083e+01 1.10003e-01 1.95223e-01
150   292 -7.16892e+01 1.10286e-01 1.94588e-01
151   297 -7.33004e+01 1.09899e-01 1.94434e-01
152   302 -6.78392e+01 1.13851e-01 1.94339e-01
153   308 -7.40753e+01 1.09914e-01 1.92956e-01
154   313 -7.19744e+01 1.11475e-01 1.93104e-01
155   318 -7.43652e+01 1.12245e-01 1.93547e-01
156   324 -7.22086e+01 1.12917e-01 1.93879e-01
157   330 -7.42955e+01 1.12175e-01 1.93643e-01
158   335 -7.29677e+01 1.13568e-01 1.93787e-01
159   341 -7.27528e+01 1.11588e-01 1.93133e-01
160   347 -7.09254e+01 1.13326e-01 1.93063e-01
161   353 -7.27265e+01 1.13211e-01 1.92623e-01
162   360 -7.23544e+01 1.12546e-01 1.91916e-01
163   366 -7.45040e+01 1.14768e-01 1.91993e-01
164   372 -6.86951e+01 1.13383e-01 1.91948e-01
165   379 -7.14661e+01 1.13508e-01 1.91589e-01
166   385 -7.69091e+01 1.13975e-01 1.91046e-01
167   392 -7.22110e+01 1.15906e-01 1.90962e-01
168   399 -7.36756e+01 1.11321e-01 1.90151e-01
169   406 -7.55759e+01 1.12404e-01 1.89363e-01
170   413 -7.04110e+01 1.15660e-01 1.89783e-01
171   420 -7.21076e+01 1.14493e-01 1.89576e-01
172   428 -7.26054e+01 1.13637e-01 1.89462e-01
173   435 -7.39638e+01 1.12963e-01 1.89471e-01
174   443 -7.36334e+01 1.15967e-01 1.89694e-01
175   450 -7.36107e+01 1.15531e-01 1.89041e-01
176   458 -7.48203e+01 1.13550e-01 1.88310e-01
177   466 -7.40748e+01 1.14370e-01 1.88612e-01
178   474 -7.08478e+01 1.16104e-01 1.89598e-01
179   483 -7.66213e+01 1.16367e-01 1.90293e-01
180   491 -7.55951e+01 1.17419e-01 1.89564e-01
181   500 -7.17382e+01 1.16300e-01 1.89689e-01
182   509 -6.95323e+01 1.15812e-01 1.89324e-01
183   517 -7.13230e+01 1.15912e-01 1.88865e-01
184   526 -6.83576e+01 1.16340e-01 1.88651e-01
185   536 -7.41423e+01 1.15852e-01 1.88395e-01
186   545 -7.52476e+01 1.16676e-01 1.88883e-01
187   555 -7.70542e+01 1.16515e-01 1.88828e-01
188   564 -7.19968e+01 1.17311e-01 1.89269e-01
189   574 -7.13746e+01 1.17422e-01 1.89895e-01
190   584 -7.11924e+01 1.17499e-01 1.89903e-01
191   594 -7.56824e+01 1.18518e-01 1.89844e-01
192   605 -7.29741e+01 1.18438e-01 1.90024e-01
193   615 -6.95582e+01 1.17741e-01 1.89796e-01
194   626 -7.63879e+01 1.17864e-01 1.89586e-01
195   637 -7.14841e+01 1.18177e-01 1.89168e-01
196   648 -7.13660e+01 1.18122e-01 1.88990e-01
197   660 -7.20889e+01 1.16937e-01 1.89149e-01
198   671 -7.43764e+01 1.17852e-01 1.88934e-01
199   683 -6.99368e+01 1.17253e-01 1.89911e-01
200   695 -7.41353e+01 1.17020e-01 1.90229e-01
201   707 -7.31370e+01 1.17662e-01 1.90094e-01
202   719 -7.40029e+01 1.17828e-01 1.89943e-01
203   732 -7.79541e+01 1.17972e-01 1.89785e-01
204   745 -7.40776e+01 1.19144e-01 1.90302e-01
205   758 -6.93720e+01 1.18989e-01 1.90340e-01
206   771 -7.34807e+01 1.18777e-01 1.90294e-01
207   784 -7.34507e+01 1.18695e-01 1.90121e-01
208   798 -6.97923e+01 1.18212e-01 1.90396e-01
209   812 -7.09329e+01 1.18341e-01 1.90082e-01
210   826 -7.29124e+01 1.18503e-01 1.90566e-01
211   841 -7.18175e+01 1.19733e-01 1.90878e-01
212   855 -7.13445e+01 1.20197e-01 1.91285e-01
213   870 -7.21933e+01 1.20270e-01 1.91039e-01
214   885 -7.34870e+01 1.19940e-01 1.90945e-01
215   901 -7.52252e+01 1.18961e-01 1.90683e-01
216   917 -7.05120e+01 1.19928e-01 1.90683e-01
217   933 -7.06929e+01 1.18697e-01 1.90471e-01
218   949 -7.15456e+01 1.18903e-01 1.90384e-01
219   965 -7.56557e+01 1.19226e-01 1.90048e-01
220   982 -7.39452e+01 1.18534e-01 1.90048e-01
221  1000 -7.50036e+01 1.19572e-01 1.89835e-01
