i, epoch, loss, l2_err, h1_err
  0     1 -1.79236e+00 9.62272e-01 1.34470e+00
  1     2 -1.49123e+01 9.44852e-01 1.30030e+00
  2     3 -2.36855e+01 9.29425e-01 1.37218e+00
  3     4 -2.76250e+01 9.11245e-01 1.45815e+00
  4     5 -3.46226e+01 8.93662e-01 1.54360e+00
  5     6 -4.07911e+01 8.76043e-01 1.58634e+00
  6     7 -4.41922e+01 8.57935e-01 1.60291e+00
  7     8 -4.82545e+01 8.42242e-01 1.62038e+00
  8     9 -5.20059e+01 8.28795e-01 1.65130e+00
  9    10 -5.40152e+01 8.14576e-01 1.68298e+00
 10    11 -5.27143e+01 7.99615e-01 1.70794e+00
 11    12 -5.86769e+01 7.85619e-01 1.71421e+00
 12    13 -6.09313e+01 7.72194e-01 1.70596e+00
 13    14 -6.03581e+01 7.60002e-01 1.69204e+00
 14    15 -6.40301e+01 7.49071e-01 1.67724e+00
 15    16 -6.59836e+01 7.37825e-01 1.66395e+00
 16    17 -6.49466e+01 7.26173e-01 1.65141e+00
 17    18 -6.61567e+01 7.14989e-01 1.63156e+00
 18    19 -6.61460e+01 7.03523e-01 1.59200e+00
 19    20 -6.83350e+01 6.91440e-01 1.54231e+00
 20    21 -6.29596e+01 6.78219e-01 1.49847e+00
 21    22 -7.00237e+01 6.63369e-01 1.46110e+00
 22    23 -6.85162e+01 6.48579e-01 1.42606e+00
 23    24 -6.71239e+01 6.34953e-01 1.39029e+00
 24    25 -7.08346e+01 6.22016e-01 1.34884e+00
 25    26 -6.87635e+01 6.10692e-01 1.30733e+00
 26    27 -6.96837e+01 5.98811e-01 1.27417e+00
 27    28 -6.85812e+01 5.84734e-01 1.24324e+00
 28    29 -7.29326e+01 5.68198e-01 1.20930e+00
 29    30 -6.85611e+01 5.51154e-01 1.16637e+00
 30    31 -7.07330e+01 5.33891e-01 1.11293e+00
 31    32 -7.12228e+01 5.16659e-01 1.06060e+00
 32    33 -7.05444e+01 4.98705e-01 1.01433e+00
 33    34 -6.78257e+01 4.81016e-01 9.74923e-01
 34    35 -7.01706e+01 4.64902e-01 9.38836e-01
 35    36 -6.82159e+01 4.50244e-01 9.00373e-01
 36    37 -6.89674e+01 4.35916e-01 8.62994e-01
 37    38 -7.22330e+01 4.19629e-01 8.29849e-01
 38    39 -7.60389e+01 4.02504e-01 7.99791e-01
 39    40 -7.40212e+01 3.86357e-01 7.66553e-01
 40    41 -7.31090e+01 3.71980e-01 7.30164e-01
 41    42 -6.97435e+01 3.58265e-01 7.01199e-01
 42    43 -7.36866e+01 3.44559e-01 6.78566e-01
 43    44 -6.93878e+01 3.30975e-01 6.62499e-01
 44    45 -7.15365e+01 3.17941e-01 6.47755e-01
 45    46 -7.44090e+01 3.04988e-01 6.33912e-01
 46    47 -7.10839e+01 2.91844e-01 6.22008e-01
 47    48 -7.52533e+01 2.78607e-01 6.12169e-01
 48    49 -7.23389e+01 2.67016e-01 6.01274e-01
 49    50 -7.18808e+01 2.61984e-01 5.94050e-01
 50    51 -7.40488e+01 2.57710e-01 5.85444e-01
 51    52 -7.21966e+01 2.53718e-01 5.77502e-01
 52    53 -7.49575e+01 2.49441e-01 5.70922e-01
 53    54 -7.26289e+01 2.44851e-01 5.65436e-01
 54    55 -7.32603e+01 2.40049e-01 5.61446e-01
 55    56 -7.13099e+01 2.35234e-01 5.57396e-01
 56    57 -7.16076e+01 2.30749e-01 5.52750e-01
 57    58 -7.09741e+01 2.26771e-01 5.46911e-01
 58    59 -7.11051e+01 2.23312e-01 5.40570e-01
 59    60 -7.28266e+01 2.20149e-01 5.34418e-01
 60    61 -7.32057e+01 2.17230e-01 5.28151e-01
 61    62 -6.99030e+01 2.14888e-01 5.20997e-01
 62    63 -7.26201e+01 2.12783e-01 5.12984e-01
 63    64 -6.99909e+01 2.10613e-01 5.05586e-01
 64    65 -7.40293e+01 2.07807e-01 4.99257e-01
 65    66 -7.38766e+01 2.04584e-01 4.93838e-01
 66    67 -7.12062e+01 2.01104e-01 4.88751e-01
 67    68 -7.09725e+01 1.98156e-01 4.82636e-01
 68    69 -7.15076e+01 1.95719e-01 4.75471e-01
 69    70 -6.91869e+01 1.93951e-01 4.68446e-01
 70    71 -7.25941e+01 1.92522e-01 4.62253e-01
 71    72 -7.33525e+01 1.90901e-01 4.57417e-01
 72    73 -7.10141e+01 1.88921e-01 4.53062e-01
 73    74 -7.08632e+01 1.87182e-01 4.48220e-01
 74    75 -7.05692e+01 1.85620e-01 4.42244e-01
 75    76 -7.17529e+01 1.84106e-01 4.36013e-01
 76    77 -7.60688e+01 1.82425e-01 4.30314e-01
 77    78 -6.86863e+01 1.80653e-01 4.25180e-01
 78    79 -6.93808e+01 1.79004e-01 4.20888e-01
 79    80 -7.29967e+01 1.77378e-01 4.16107e-01
 80    81 -6.95968e+01 1.75788e-01 4.11469e-01
 81    82 -7.32153e+01 1.74703e-01 4.06704e-01
 82    83 -7.45471e+01 1.73609e-01 4.02291e-01
 83    84 -6.89003e+01 1.72291e-01 3.98619e-01
 84    85 -7.04007e+01 1.71168e-01 3.95435e-01
 85    86 -7.39975e+01 1.70072e-01 3.92426e-01
 86    87 -7.35339e+01 1.69068e-01 3.89409e-01
 87    88 -7.09631e+01 1.68176e-01 3.86120e-01
 88    89 -7.03062e+01 1.67176e-01 3.82939e-01
 89    90 -6.87772e+01 1.65949e-01 3.79647e-01
 90    91 -7.11128e+01 1.64595e-01 3.77048e-01
 91    92 -7.54037e+01 1.63668e-01 3.74387e-01
 92    93 -7.57970e+01 1.62858e-01 3.72089e-01
 93    94 -7.13824e+01 1.62021e-01 3.69234e-01
 94    95 -6.91456e+01 1.60953e-01 3.65799e-01
 95    96 -7.31010e+01 1.59816e-01 3.62379e-01
 96    97 -7.45484e+01 1.58659e-01 3.58767e-01
 97    98 -7.56905e+01 1.57410e-01 3.55327e-01
 98   100 -7.10316e+01 1.55309e-01 3.50589e-01
