i, epoch, loss, l2_err, h1_err
  0     1 -8.95381e+00 9.55763e-01 1.34355e+00
  1     2 -2.23887e+01 9.46434e-01 1.39077e+00
  2     3 -3.20590e+01 9.25966e-01 1.52010e+00
  3     4 -3.91116e+01 9.10174e-01 1.62766e+00
  4     5 -4.17628e+01 8.96784e-01 1.69667e+00
  5     6 -4.62597e+01 8.87126e-01 1.76177e+00
  6     7 -5.13396e+01 8.75213e-01 1.83423e+00
  7     8 -5.29765e+01 8.61894e-01 1.89434e+00
  8     9 -5.63410e+01 8.49478e-01 1.92566e+00
  9    10 -5.84581e+01 8.37884e-01 1.93181e+00
 10    11 -5.93542e+01 8.28443e-01 1.92753e+00
 11    12 -6.45347e+01 8.17797e-01 1.92317e+00
 12    13 -6.05583e+01 8.03974e-01 1.91761e+00
 13    14 -6.22756e+01 7.88805e-01 1.90580e+00
 14    15 -6.38203e+01 7.74332e-01 1.88388e+00
 15    16 -6.34570e+01 7.61641e-01 1.85168e+00
 16    17 -6.60476e+01 7.50603e-01 1.80815e+00
 17    18 -6.29420e+01 7.39550e-01 1.75527e+00
 18    19 -6.52876e+01 7.27012e-01 1.69778e+00
 19    20 -6.77280e+01 7.10924e-01 1.64547e+00
 20    21 -6.61604e+01 6.94224e-01 1.59824e+00
 21    22 -7.14660e+01 6.77158e-01 1.55185e+00
 22    23 -6.86392e+01 6.59370e-01 1.50212e+00
 23    24 -6.47912e+01 6.39816e-01 1.44782e+00
 24    25 -7.10141e+01 6.17072e-01 1.38898e+00
 25    26 -6.97826e+01 5.93599e-01 1.32592e+00
 26    27 -7.26710e+01 5.71889e-01 1.25764e+00
 27    28 -6.86571e+01 5.52297e-01 1.18726e+00
 28    29 -6.53141e+01 5.34290e-01 1.11968e+00
 29    30 -6.93567e+01 5.14089e-01 1.05902e+00
 30    31 -7.05280e+01 4.91230e-01 1.00770e+00
 31    32 -6.89693e+01 4.66624e-01 9.65743e-01
 32    33 -7.13427e+01 4.43893e-01 9.28926e-01
 33    34 -7.01073e+01 4.21963e-01 8.94090e-01
 34    35 -7.12424e+01 4.00202e-01 8.61295e-01
 35    36 -6.97613e+01 3.78457e-01 8.28140e-01
 36    37 -7.19746e+01 3.58188e-01 7.93734e-01
 37    38 -7.06684e+01 3.39773e-01 7.57629e-01
 38    39 -7.19235e+01 3.23840e-01 7.20794e-01
 39    40 -6.74510e+01 3.10937e-01 6.84031e-01
 40    41 -6.91826e+01 2.98870e-01 6.49427e-01
 41    42 -7.32213e+01 2.85421e-01 6.17878e-01
 42    43 -7.44256e+01 2.69755e-01 5.89949e-01
 43    44 -7.08729e+01 2.54790e-01 5.64425e-01
 44    45 -7.32268e+01 2.41114e-01 5.41492e-01
 45    46 -7.09714e+01 2.27709e-01 5.20854e-01
 46    47 -7.16307e+01 2.13527e-01 5.01676e-01
 47    48 -7.12482e+01 1.99407e-01 4.82055e-01
 48    49 -7.56009e+01 1.87718e-01 4.62372e-01
 49    50 -7.01101e+01 1.83056e-01 4.52233e-01
 50    51 -7.04138e+01 1.79516e-01 4.41330e-01
 51    52 -7.10833e+01 1.76826e-01 4.29951e-01
 52    53 -7.41851e+01 1.74051e-01 4.18209e-01
 53    54 -7.01555e+01 1.70921e-01 4.06317e-01
 54    55 -7.51843e+01 1.67692e-01 3.94990e-01
 55    56 -7.53434e+01 1.64457e-01 3.84374e-01
 56    57 -7.23165e+01 1.61436e-01 3.74396e-01
 57    58 -7.51640e+01 1.58985e-01 3.65074e-01
 58    59 -7.00165e+01 1.57009e-01 3.56132e-01
 59    60 -7.32875e+01 1.54704e-01 3.47728e-01
 60    61 -7.08935e+01 1.52047e-01 3.40709e-01
 61    62 -7.17881e+01 1.49608e-01 3.34870e-01
 62    63 -6.95826e+01 1.47452e-01 3.29661e-01
 63    64 -7.25928e+01 1.45809e-01 3.24587e-01
 64    65 -7.38262e+01 1.44031e-01 3.19733e-01
 65    66 -7.34501e+01 1.42587e-01 3.16119e-01
 66    67 -7.39033e+01 1.41337e-01 3.12888e-01
 67    68 -7.02008e+01 1.40231e-01 3.09494e-01
 68    69 -7.40015e+01 1.38953e-01 3.05814e-01
 69    70 -7.16835e+01 1.37770e-01 3.02011e-01
 70    71 -7.33369e+01 1.36836e-01 2.98448e-01
 71    72 -7.12133e+01 1.35813e-01 2.95185e-01
 72    73 -7.14037e+01 1.34576e-01 2.92746e-01
 73    74 -6.88291e+01 1.33306e-01 2.90722e-01
 74    75 -7.17743e+01 1.32074e-01 2.88708e-01
 75    76 -7.13061e+01 1.31333e-01 2.86412e-01
 76    77 -7.47757e+01 1.31481e-01 2.83569e-01
 77    78 -7.34289e+01 1.32210e-01 2.80467e-01
 78    79 -7.16197e+01 1.32416e-01 2.78135e-01
 79    80 -7.26139e+01 1.31410e-01 2.76482e-01
 80    81 -7.12857e+01 1.29803e-01 2.75201e-01
 81    82 -7.26734e+01 1.28285e-01 2.74118e-01
 82    83 -7.11849e+01 1.27795e-01 2.72533e-01
 83    84 -7.58249e+01 1.28145e-01 2.70564e-01
 84    85 -6.72586e+01 1.28661e-01 2.68237e-01
 85    86 -6.89784e+01 1.28890e-01 2.66473e-01
 86    87 -7.32678e+01 1.28448e-01 2.64595e-01
 87    88 -7.56409e+01 1.26708e-01 2.62750e-01
 88    89 -7.36990e+01 1.24614e-01 2.61450e-01
 89    90 -7.14879e+01 1.22789e-01 2.60272e-01
 90    91 -7.31354e+01 1.21013e-01 2.59349e-01
 91    92 -6.99623e+01 1.20307e-01 2.58513e-01
 92    93 -7.22538e+01 1.20605e-01 2.58010e-01
 93    94 -7.07488e+01 1.20320e-01 2.57242e-01
 94    95 -7.06398e+01 1.19941e-01 2.56193e-01
 95    96 -7.11329e+01 1.19211e-01 2.54897e-01
 96    97 -7.42516e+01 1.18756e-01 2.54197e-01
 97    98 -7.40710e+01 1.18824e-01 2.53514e-01
 98   100 -7.21717e+01 1.19512e-01 2.51563e-01
