i, epoch, loss, l2_err, h1_err
  0     1 -9.97308e+00 9.61194e-01 1.51627e+00
  1     2 -1.74561e+01 9.42767e-01 1.59048e+00
  2     3 -2.73104e+01 9.24440e-01 1.70406e+00
  3     4 -3.42641e+01 9.06365e-01 1.80869e+00
  4     5 -3.98131e+01 8.88465e-01 1.88230e+00
  5     6 -4.24787e+01 8.71117e-01 1.92067e+00
  6     7 -4.66241e+01 8.54304e-01 1.92965e+00
  7     8 -5.05515e+01 8.37775e-01 1.91449e+00
  8     9 -5.23691e+01 8.21564e-01 1.88514e+00
  9    10 -5.82560e+01 8.05633e-01 1.84446e+00
 10    11 -5.81019e+01 7.89690e-01 1.79888e+00
 11    12 -6.10359e+01 7.73813e-01 1.75164e+00
 12    13 -6.44351e+01 7.57657e-01 1.70396e+00
 13    14 -6.32414e+01 7.41467e-01 1.65824e+00
 14    15 -6.12738e+01 7.25196e-01 1.61485e+00
 15    16 -6.51403e+01 7.08974e-01 1.57151e+00
 16    17 -6.72416e+01 6.92691e-01 1.52630e+00
 17    18 -6.81720e+01 6.76353e-01 1.47916e+00
 18    19 -7.33634e+01 6.59938e-01 1.43335e+00
 19    20 -6.99328e+01 6.43290e-01 1.39018e+00
 20    21 -6.93824e+01 6.26390e-01 1.34986e+00
 21    22 -6.72706e+01 6.09308e-01 1.31278e+00
 22    23 -7.02805e+01 5.92192e-01 1.27818e+00
 23    24 -7.24517e+01 5.75100e-01 1.24521e+00
 24    25 -6.97100e+01 5.57967e-01 1.21240e+00
 25    26 -6.69957e+01 5.40849e-01 1.18084e+00
 26    27 -6.89965e+01 5.23748e-01 1.15008e+00
 27    28 -6.89307e+01 5.06577e-01 1.11953e+00
 28    29 -7.02303e+01 4.89366e-01 1.08888e+00
 29    30 -7.05112e+01 4.72058e-01 1.05724e+00
 30    31 -7.45048e+01 4.54813e-01 1.02477e+00
 31    32 -7.35484e+01 4.37644e-01 9.92371e-01
 32    33 -7.19988e+01 4.20703e-01 9.59559e-01
 33    34 -7.08796e+01 4.04022e-01 9.24806e-01
 34    35 -7.09859e+01 3.87748e-01 8.87860e-01
 35    36 -7.36123e+01 3.71767e-01 8.49806e-01
 36    37 -7.31221e+01 3.56083e-01 8.11443e-01
 37    38 -7.62406e+01 3.40869e-01 7.72367e-01
 38    39 -7.35471e+01 3.25991e-01 7.33695e-01
 39    40 -7.26863e+01 3.11459e-01 6.95078e-01
 40    41 -7.34522e+01 2.97335e-01 6.57812e-01
 41    42 -7.01872e+01 2.83737e-01 6.22624e-01
 42    43 -7.39131e+01 2.70629e-01 5.88935e-01
 43    44 -7.07728e+01 2.57975e-01 5.56492e-01
 44    45 -6.98063e+01 2.45740e-01 5.24741e-01
 45    46 -7.50040e+01 2.33984e-01 4.93303e-01
 46    47 -7.24113e+01 2.22744e-01 4.63409e-01
 47    48 -7.62036e+01 2.11993e-01 4.35470e-01
 48    49 -7.14601e+01 2.01693e-01 4.07780e-01
 49    50 -7.36882e+01 1.91791e-01 3.81750e-01
 50    51 -7.45651e+01 1.82400e-01 3.58450e-01
 51    52 -7.28198e+01 1.73415e-01 3.37852e-01
 52    53 -7.08604e+01 1.64696e-01 3.16431e-01
 53    54 -7.58137e+01 1.56154e-01 2.96246e-01
 54    55 -7.42869e+01 1.47935e-01 2.78728e-01
 55    56 -7.40493e+01 1.39960e-01 2.63980e-01
 56    57 -7.45798e+01 1.32415e-01 2.50154e-01
 57    58 -7.29083e+01 1.25183e-01 2.35991e-01
 58    59 -7.59742e+01 1.18027e-01 2.22252e-01
 59    60 -7.33676e+01 1.11101e-01 2.12937e-01
 60    61 -7.23708e+01 1.04493e-01 2.05097e-01
 61    62 -7.15241e+01 9.81988e-02 1.98517e-01
 62    63 -7.27086e+01 9.22447e-02 1.91685e-01
 63    64 -7.10853e+01 8.64902e-02 1.84469e-01
 64    66 -6.86494e+01 7.55130e-02 1.69086e-01
 65    67 -7.23084e+01 7.03483e-02 1.63170e-01
 66    68 -6.85478e+01 6.53695e-02 1.55369e-01
 67    69 -7.40471e+01 6.05792e-02 1.49667e-01
 68    70 -7.12398e+01 5.60689e-02 1.48874e-01
 69    71 -7.34235e+01 5.16603e-02 1.48432e-01
 70    73 -7.54662e+01 4.27853e-02 1.34394e-01
 71    74 -7.15410e+01 3.87702e-02 1.32839e-01
 72    75 -7.20734e+01 3.52172e-02 1.31820e-01
 73    77 -7.31376e+01 2.84778e-02 1.18179e-01
 74    78 -7.32740e+01 2.56570e-02 1.25131e-01
 75    79 -7.18691e+01 2.27604e-02 1.25665e-01
 76    81 -7.65578e+01 1.73902e-02 1.05619e-01
 77    82 -7.67632e+01 1.55064e-02 1.08759e-01
 78    84 -7.49290e+01 1.29373e-02 1.21339e-01
 79    85 -7.19562e+01 1.23392e-02 1.23447e-01
 80    87 -7.51866e+01 1.09987e-02 1.08318e-01
 81    88 -7.44716e+01 1.10327e-02 1.08011e-01
 82    90 -7.26880e+01 1.22598e-02 1.16545e-01
 83    91 -7.59549e+01 1.31751e-02 1.21206e-01
 84    93 -7.40120e+01 1.47615e-02 1.22281e-01
 85    94 -7.20992e+01 1.48766e-02 1.13918e-01
 86    96 -7.39766e+01 1.58096e-02 1.19105e-01
 87    98 -7.42383e+01 1.62076e-02 1.20719e-01
 88   100 -7.31264e+01 1.58279e-02 1.13707e-01
 89   101 -7.54160e+01 1.56262e-02 1.13553e-01
 90   103 -7.61747e+01 1.54222e-02 1.16682e-01
 91   105 -7.40711e+01 1.44913e-02 1.10273e-01
 92   107 -7.54657e+01 1.39691e-02 1.16091e-01
 93   109 -6.99314e+01 1.30400e-02 1.00149e-01
 94   110 -7.24171e+01 1.35480e-02 1.12943e-01
 95   112 -7.44004e+01 1.31520e-02 1.13698e-01
 96   114 -7.45829e+01 1.21333e-02 1.12643e-01
 97   116 -7.15821e+01 1.24121e-02 1.19259e-01
 98   118 -7.80998e+01 1.13492e-02 1.08440e-01
 99   120 -7.16767e+01 1.05160e-02 1.09353e-01
100   123 -7.32982e+01 1.08518e-02 1.05653e-01
101   125 -7.51691e+01 1.10789e-02 1.18406e-01
102   127 -7.36933e+01 1.12999e-02 1.09181e-01
103   129 -7.65648e+01 1.11758e-02 1.18245e-01
104   131 -7.19552e+01 1.03138e-02 1.12848e-01
105   134 -7.02574e+01 9.76468e-03 1.05917e-01
106   136 -7.41225e+01 1.11074e-02 1.16331e-01
107   138 -7.26413e+01 1.02179e-02 1.12920e-01
108   141 -7.44500e+01 1.07390e-02 1.16905e-01
109   143 -7.32128e+01 1.12618e-02 1.26064e-01
110   146 -6.92808e+01 1.00368e-02 1.10185e-01
111   148 -7.36587e+01 1.10564e-02 1.26970e-01
112   151 -7.43305e+01 8.75812e-03 9.42024e-02
113   154 -7.30427e+01 8.45185e-03 9.01938e-02
114   156 -7.16776e+01 9.05573e-03 9.77771e-02
115   159 -7.26310e+01 7.81049e-03 8.79044e-02
116   162 -7.87188e+01 7.29671e-03 8.21132e-02
117   165 -7.40043e+01 7.50211e-03 8.64146e-02
118   168 -7.32405e+01 7.24586e-03 8.35273e-02
119   171 -7.54745e+01 7.06066e-03 7.75076e-02
120   174 -7.36917e+01 8.27052e-03 8.95421e-02
121   177 -7.16886e+01 7.79087e-03 7.84259e-02
122   180 -7.24273e+01 7.67773e-03 8.02617e-02
123   183 -7.70165e+01 7.98283e-03 9.03133e-02
124   186 -7.70307e+01 7.16427e-03 7.86565e-02
125   189 -7.29513e+01 8.56195e-03 9.23841e-02
126   193 -7.51248e+01 7.62472e-03 7.25482e-02
127   196 -6.99956e+01 8.05918e-03 8.60561e-02
128   199 -7.27628e+01 8.02048e-03 8.78181e-02
129   203 -7.44078e+01 7.12304e-03 7.70155e-02
130   206 -7.38610e+01 8.01441e-03 8.91148e-02
131   210 -7.27817e+01 7.35183e-03 8.45673e-02
132   214 -7.29181e+01 7.45793e-03 8.23862e-02
133   217 -7.35759e+01 7.11202e-03 8.11847e-02
134   221 -7.30631e+01 7.73728e-03 8.74793e-02
135   225 -7.41303e+01 7.54932e-03 8.17694e-02
136   229 -7.37485e+01 8.28276e-03 9.29870e-02
137   233 -7.37931e+01 8.27592e-03 9.17207e-02
138   237 -6.96685e+01 8.61619e-03 9.90814e-02
139   241 -7.07854e+01 7.96155e-03 8.32151e-02
140   246 -7.17752e+01 7.16457e-03 8.53191e-02
141   250 -7.35505e+01 7.94861e-03 8.46010e-02
142   254 -7.06281e+01 8.56047e-03 9.32775e-02
143   259 -7.58440e+01 8.01477e-03 8.93581e-02
144   263 -7.76265e+01 8.54417e-03 9.92641e-02
145   268 -7.65896e+01 8.83824e-03 9.73934e-02
146   272 -7.47096e+01 8.31605e-03 8.65414e-02
147   277 -7.57797e+01 8.26189e-03 9.09597e-02
148   282 -7.14962e+01 8.08179e-03 9.50296e-02
149   287 -7.44304e+01 7.91007e-03 9.17348e-02
150   292 -7.42484e+01 8.43202e-03 9.27897e-02
151   297 -7.16439e+01 8.54699e-03 9.09724e-02
152   302 -7.37629e+01 7.11693e-03 7.67952e-02
153   308 -7.12772e+01 7.05158e-03 7.86440e-02
154   313 -7.48411e+01 6.50565e-03 6.65501e-02
155   318 -7.29369e+01 5.56434e-03 6.35223e-02
156   324 -7.43492e+01 5.83064e-03 6.58736e-02
157   330 -7.07399e+01 5.90934e-03 6.39759e-02
158   335 -7.53670e+01 5.86450e-03 6.35893e-02
159   341 -7.11015e+01 5.84368e-03 6.25454e-02
160   347 -7.50948e+01 6.31814e-03 6.67697e-02
161   353 -7.20392e+01 7.34159e-03 8.22077e-02
162   360 -7.38057e+01 5.98415e-03 6.90117e-02
163   366 -7.44637e+01 6.88548e-03 7.61406e-02
164   372 -7.33452e+01 6.34087e-03 7.03127e-02
165   379 -7.45970e+01 6.11723e-03 6.85032e-02
166   385 -7.18064e+01 6.31656e-03 6.63090e-02
167   392 -7.56264e+01 6.66562e-03 7.02809e-02
168   399 -7.19938e+01 6.01555e-03 6.84775e-02
169   406 -7.60040e+01 5.50212e-03 6.26459e-02
170   413 -6.95379e+01 5.64072e-03 6.18663e-02
171   420 -7.21086e+01 5.64599e-03 6.41509e-02
172   428 -7.00396e+01 5.50019e-03 6.38679e-02
173   435 -7.48469e+01 6.12868e-03 7.02304e-02
174   443 -7.32234e+01 5.85153e-03 6.53909e-02
175   450 -7.75539e+01 6.42440e-03 7.04876e-02
176   458 -7.40667e+01 6.19616e-03 6.92676e-02
177   466 -7.38428e+01 6.40687e-03 6.99477e-02
178   474 -7.53974e+01 6.17861e-03 7.08793e-02
179   483 -7.28108e+01 5.97838e-03 6.62391e-02
180   491 -6.93020e+01 6.52022e-03 7.03580e-02
181   500 -7.56698e+01 5.91502e-03 6.33929e-02
182   509 -7.38014e+01 4.90874e-03 5.14801e-02
183   517 -7.51240e+01 4.56654e-03 5.00124e-02
184   526 -7.17491e+01 4.88353e-03 5.38824e-02
185   536 -7.35011e+01 4.62592e-03 4.99731e-02
186   545 -7.41468e+01 4.52389e-03 5.26690e-02
187   555 -7.64034e+01 4.16108e-03 4.59327e-02
188   564 -7.44273e+01 4.55995e-03 5.30647e-02
189   574 -7.10160e+01 4.39421e-03 4.90085e-02
190   584 -7.47072e+01 5.12411e-03 5.70592e-02
191   594 -7.31381e+01 4.40382e-03 4.98848e-02
192   605 -7.64620e+01 5.25882e-03 5.65895e-02
193   615 -7.33540e+01 5.21406e-03 5.51630e-02
194   626 -7.45014e+01 4.21855e-03 4.69225e-02
195   637 -7.13980e+01 4.57414e-03 4.98383e-02
196   648 -7.26907e+01 5.14244e-03 5.58198e-02
197   660 -7.28174e+01 5.45433e-03 5.87234e-02
198   671 -7.41290e+01 4.77004e-03 5.37911e-02
199   683 -7.41619e+01 4.30300e-03 4.60435e-02
200   695 -7.53769e+01 4.63535e-03 5.35154e-02
201   707 -7.14250e+01 4.77137e-03 5.59674e-02
202   719 -7.09268e+01 4.47446e-03 5.04484e-02
203   732 -7.61635e+01 4.53029e-03 5.08966e-02
204   745 -7.21632e+01 5.22573e-03 5.85602e-02
205   758 -7.23769e+01 3.59431e-03 3.82829e-02
206   771 -6.72745e+01 3.52190e-03 3.85173e-02
207   784 -7.04609e+01 3.25649e-03 3.70971e-02
208   798 -7.50751e+01 3.09652e-03 3.51863e-02
209   812 -7.31041e+01 3.02336e-03 3.53262e-02
210   826 -7.62157e+01 3.42306e-03 4.02276e-02
211   841 -7.50278e+01 3.17243e-03 3.62335e-02
212   855 -7.42065e+01 3.40133e-03 3.81218e-02
213   870 -7.30396e+01 3.36339e-03 3.76009e-02
214   885 -7.29765e+01 3.34693e-03 3.70887e-02
215   901 -7.46232e+01 3.33709e-03 3.74833e-02
216   917 -7.42128e+01 3.45422e-03 3.85517e-02
217   933 -7.64258e+01 3.85402e-03 3.88612e-02
218   949 -7.23811e+01 4.02755e-03 4.48852e-02
219   965 -7.23803e+01 3.58316e-03 3.91330e-02
220   982 -7.63949e+01 3.48007e-03 3.69116e-02
221  1000 -6.92657e+01 3.65833e-03 4.20379e-02
