i, epoch, loss, l2_err, h1_err
  0     1 -8.98388e+00 9.31222e-01 1.31448e+00
  1     2 -1.81061e+01 9.14842e-01 1.38660e+00
  2     3 -2.63574e+01 8.96529e-01 1.49947e+00
  3     4 -3.43817e+01 8.82085e-01 1.63613e+00
  4     5 -4.14381e+01 8.68133e-01 1.75444e+00
  5     6 -4.62791e+01 8.51686e-01 1.84716e+00
  6     7 -5.02110e+01 8.37430e-01 1.91457e+00
  7     8 -5.58876e+01 8.24944e-01 1.95446e+00
  8     9 -5.42503e+01 8.12895e-01 1.96322e+00
  9    10 -6.01091e+01 7.99996e-01 1.94261e+00
 10    11 -5.61304e+01 7.84982e-01 1.90877e+00
 11    12 -5.94220e+01 7.68555e-01 1.86602e+00
 12    13 -6.45330e+01 7.51086e-01 1.81935e+00
 13    14 -6.56329e+01 7.33274e-01 1.77168e+00
 14    15 -6.79424e+01 7.15070e-01 1.72330e+00
 15    16 -6.69487e+01 6.96743e-01 1.67332e+00
 16    17 -6.92871e+01 6.77997e-01 1.61966e+00
 17    18 -6.96289e+01 6.57944e-01 1.56125e+00
 18    19 -6.92656e+01 6.36028e-01 1.49859e+00
 19    20 -6.87461e+01 6.13787e-01 1.43200e+00
 20    21 -6.90399e+01 5.92329e-01 1.36199e+00
 21    22 -6.83844e+01 5.72392e-01 1.28965e+00
 22    23 -7.24872e+01 5.54659e-01 1.21854e+00
 23    24 -7.24222e+01 5.37487e-01 1.15111e+00
 24    25 -7.18704e+01 5.18351e-01 1.08887e+00
 25    26 -7.58961e+01 4.97100e-01 1.03406e+00
 26    27 -7.25535e+01 4.76499e-01 9.86389e-01
 27    28 -6.92618e+01 4.59498e-01 9.40891e-01
 28    29 -7.16070e+01 4.46515e-01 8.94944e-01
 29    30 -7.41731e+01 4.32435e-01 8.48426e-01
