i, epoch, loss, l2_err, h1_err
  0     1 -8.81487e+00 9.74819e-01 1.50831e+00
  1     2 -2.32725e+01 9.58327e-01 1.49290e+00
  2     3 -3.41847e+01 9.45511e-01 1.65442e+00
  3     4 -3.57773e+01 9.28987e-01 1.80181e+00
  4     5 -4.21998e+01 9.20508e-01 1.91668e+00
  5     6 -4.81956e+01 9.09287e-01 2.01252e+00
  6     7 -4.78830e+01 8.92077e-01 2.09479e+00
  7     8 -5.44213e+01 8.88489e-01 2.12478e+00
  8     9 -5.89424e+01 8.84867e-01 2.09953e+00
  9    10 -5.70336e+01 8.82589e-01 2.09410e+00
 10    11 -5.86289e+01 8.71281e-01 2.10667e+00
 11    12 -6.33260e+01 8.63465e-01 2.12244e+00
 12    13 -6.16948e+01 8.55046e-01 2.10097e+00
 13    14 -6.35511e+01 8.51114e-01 2.07135e+00
 14    15 -6.26660e+01 8.38497e-01 2.04433e+00
 15    16 -6.37853e+01 8.24711e-01 2.01056e+00
 16    17 -6.65718e+01 8.15114e-01 1.94641e+00
 17    18 -6.45500e+01 8.10098e-01 1.86343e+00
 18    19 -6.91533e+01 7.99275e-01 1.79745e+00
 19    20 -6.97721e+01 7.84434e-01 1.75743e+00
 20    21 -6.49876e+01 7.71983e-01 1.71500e+00
 21    22 -6.77325e+01 7.62274e-01 1.66453e+00
 22    23 -7.05400e+01 7.49480e-01 1.63287e+00
 23    24 -6.78873e+01 7.33550e-01 1.60913e+00
 24    25 -6.87988e+01 7.22275e-01 1.56145e+00
 25    26 -7.10451e+01 7.16540e-01 1.49579e+00
 26    27 -7.18652e+01 7.06394e-01 1.44490e+00
 27    28 -7.16634e+01 6.94200e-01 1.40961e+00
 28    29 -7.20980e+01 6.86649e-01 1.36568e+00
 29    30 -7.12996e+01 6.81129e-01 1.32661e+00
