i, epoch, loss, l2_err, h1_err
  0     1 -1.62686e+01 9.11534e-01 1.04422e+00
  1     2 -2.54072e+01 8.75750e-01 1.05648e+00
  2     3 -3.44838e+01 8.44163e-01 1.09924e+00
  3     4 -4.09443e+01 8.20224e-01 1.16413e+00
  4     5 -4.81365e+01 8.05674e-01 1.23336e+00
  5     6 -4.97811e+01 7.92948e-01 1.28714e+00
  6     7 -5.67758e+01 7.74736e-01 1.31992e+00
  7     8 -5.87424e+01 7.51718e-01 1.33955e+00
  8     9 -5.85255e+01 7.22656e-01 1.34866e+00
  9    10 -6.17833e+01 6.95487e-01 1.35615e+00
 10    11 -6.82031e+01 6.72984e-01 1.36250e+00
 11    12 -6.43991e+01 6.51964e-01 1.35589e+00
 12    13 -6.29625e+01 6.28206e-01 1.32989e+00
 13    14 -6.48906e+01 6.00955e-01 1.28911e+00
 14    15 -6.52787e+01 5.74097e-01 1.24362e+00
 15    16 -7.26673e+01 5.51149e-01 1.19846e+00
 16    17 -6.73515e+01 5.32047e-01 1.15264e+00
 17    18 -6.79121e+01 5.16064e-01 1.10619e+00
 18    19 -6.93749e+01 4.96575e-01 1.05801e+00
 19    20 -7.24269e+01 4.67653e-01 1.00578e+00
 20    21 -7.02087e+01 4.28454e-01 9.51485e-01
 21    22 -7.09995e+01 3.88135e-01 9.00658e-01
 22    23 -7.07354e+01 3.52967e-01 8.54181e-01
 23    24 -6.91399e+01 3.28984e-01 8.09639e-01
 24    25 -7.12762e+01 3.15634e-01 7.65890e-01
 25    26 -6.71916e+01 3.04722e-01 7.24631e-01
 26    27 -7.00528e+01 2.87289e-01 6.87007e-01
 27    28 -6.91724e+01 2.63167e-01 6.54267e-01
 28    29 -7.31565e+01 2.38864e-01 6.26953e-01
 29    30 -7.24993e+01 2.18069e-01 6.02652e-01
 30    31 -7.26118e+01 2.03387e-01 5.79181e-01
 31    32 -7.26444e+01 1.92764e-01 5.55806e-01
 32    33 -7.15012e+01 1.82573e-01 5.32630e-01
 33    34 -7.12433e+01 1.67741e-01 5.08160e-01
 34    35 -7.36727e+01 1.54500e-01 4.82255e-01
 35    36 -7.30534e+01 1.43540e-01 4.54232e-01
 36    37 -7.49357e+01 1.34462e-01 4.26935e-01
 37    38 -7.39739e+01 1.29347e-01 4.02994e-01
 38    39 -7.30697e+01 1.21317e-01 3.79204e-01
 39    40 -7.18947e+01 1.10570e-01 3.54377e-01
 40    41 -7.09073e+01 1.02721e-01 3.31541e-01
 41    42 -7.01189e+01 9.65731e-02 3.13124e-01
 42    43 -7.45895e+01 9.38191e-02 2.99570e-01
 43    44 -6.98624e+01 9.05165e-02 2.86509e-01
 44    45 -7.28334e+01 8.29774e-02 2.70983e-01
 45    46 -7.18682e+01 7.48128e-02 2.54517e-01
 46    47 -7.10160e+01 6.88450e-02 2.40563e-01
 47    48 -7.19548e+01 6.67749e-02 2.29942e-01
 48    49 -7.55961e+01 6.67316e-02 2.20700e-01
 49    50 -7.49470e+01 6.36927e-02 2.14446e-01
 50    51 -7.36158e+01 5.79124e-02 2.06700e-01
 51    52 -7.42864e+01 5.31513e-02 1.99880e-01
 52    53 -7.48603e+01 5.05841e-02 1.94917e-01
 53    54 -7.18194e+01 5.07749e-02 1.92273e-01
 54    55 -7.12649e+01 5.33174e-02 1.90846e-01
 55    56 -7.18108e+01 5.71293e-02 1.89806e-01
 56    57 -7.17282e+01 5.77346e-02 1.87147e-01
 57    58 -7.04806e+01 5.58076e-02 1.83435e-01
 58    59 -7.36085e+01 5.28715e-02 1.79437e-01
 59    60 -7.98052e+01 5.13917e-02 1.76486e-01
 60    61 -7.17769e+01 5.21638e-02 1.74815e-01
 61    62 -7.27880e+01 5.49372e-02 1.74073e-01
 62    63 -7.34832e+01 5.82826e-02 1.73675e-01
 63    64 -7.18789e+01 6.04385e-02 1.72638e-01
 64    65 -7.08824e+01 5.97361e-02 1.70369e-01
 65    66 -7.30026e+01 5.76615e-02 1.67596e-01
 66    67 -7.52054e+01 5.58129e-02 1.65129e-01
 67    68 -7.09903e+01 5.57650e-02 1.63490e-01
 68    69 -7.13367e+01 5.71255e-02 1.62726e-01
 69    70 -7.48650e+01 6.00974e-02 1.62935e-01
 70    71 -7.37161e+01 6.26584e-02 1.63314e-01
 71    72 -7.29759e+01 6.33190e-02 1.63209e-01
 72    73 -7.01938e+01 6.28887e-02 1.62918e-01
 73    74 -7.20549e+01 6.33169e-02 1.63270e-01
 74    75 -7.21077e+01 6.44722e-02 1.64218e-01
 75    76 -7.40345e+01 6.75108e-02 1.66020e-01
 76    77 -7.11739e+01 7.05090e-02 1.67933e-01
 77    78 -7.25829e+01 7.25177e-02 1.69359e-01
 78    79 -7.37867e+01 7.29008e-02 1.70137e-01
 79    80 -7.11707e+01 7.28881e-02 1.70845e-01
 80    81 -7.08665e+01 7.43782e-02 1.72213e-01
 81    82 -7.09674e+01 7.62783e-02 1.73490e-01
 82    83 -7.25050e+01 7.84198e-02 1.74645e-01
 83    84 -7.21134e+01 8.04735e-02 1.75467e-01
 84    85 -7.43567e+01 8.18581e-02 1.75879e-01
 85    86 -7.17161e+01 8.23875e-02 1.75925e-01
 86    87 -7.41207e+01 8.20330e-02 1.75644e-01
 87    88 -7.06000e+01 8.19639e-02 1.75485e-01
 88    89 -7.52565e+01 8.31051e-02 1.75790e-01
 89    90 -7.04343e+01 8.54574e-02 1.76539e-01
 90    91 -7.41608e+01 8.79155e-02 1.77370e-01
 91    92 -7.49548e+01 8.88761e-02 1.77773e-01
 92    93 -7.19859e+01 8.91202e-02 1.78047e-01
 93    94 -7.25752e+01 8.98803e-02 1.78679e-01
 94    95 -7.51234e+01 9.08251e-02 1.79411e-01
 95    96 -7.43984e+01 9.26859e-02 1.80546e-01
 96    97 -6.87191e+01 9.57398e-02 1.82073e-01
 97    98 -7.35824e+01 9.71660e-02 1.83043e-01
 98   100 -7.26114e+01 9.77427e-02 1.84476e-01
