i, epoch, loss, l2_err, h1_err
  0     1 -5.54560e-01 7.84734e-01 8.50115e-01
  1     2 -1.04283e+01 7.47996e-01 8.44065e-01
  2     3 -1.78859e+01 7.20008e-01 8.44420e-01
  3     4 -2.68296e+01 6.91065e-01 8.40601e-01
  4     5 -3.28245e+01 6.60569e-01 8.34578e-01
  5     6 -3.90749e+01 6.27621e-01 8.27534e-01
  6     7 -4.30818e+01 5.91738e-01 8.19181e-01
  7     8 -4.61581e+01 5.50293e-01 8.07678e-01
  8     9 -5.06937e+01 5.02944e-01 7.90965e-01
  9    10 -5.51494e+01 4.50026e-01 7.66484e-01
 10    11 -5.93953e+01 3.94231e-01 7.32333e-01
 11    12 -5.81867e+01 3.47212e-01 6.91813e-01
 12    13 -6.16794e+01 3.22610e-01 6.52211e-01
 13    14 -6.14837e+01 3.16221e-01 6.16843e-01
 14    15 -6.16329e+01 3.12756e-01 5.86868e-01
 15    16 -6.28656e+01 3.02128e-01 5.63554e-01
 16    17 -6.19278e+01 2.84897e-01 5.46538e-01
 17    18 -7.09360e+01 2.67041e-01 5.35101e-01
 18    19 -6.82539e+01 2.51312e-01 5.27109e-01
 19    20 -6.94112e+01 2.38030e-01 5.20148e-01
 20    21 -7.15085e+01 2.27757e-01 5.13805e-01
 21    22 -7.17209e+01 2.22952e-01 5.06213e-01
 22    23 -7.13175e+01 2.25950e-01 4.95579e-01
 23    24 -6.90802e+01 2.33918e-01 4.78807e-01
 24    25 -6.80138e+01 2.39688e-01 4.55360e-01
 25    26 -6.97692e+01 2.36136e-01 4.29078e-01
 26    27 -7.10711e+01 2.24551e-01 4.05066e-01
 27    28 -6.88669e+01 2.11255e-01 3.90190e-01
 28    29 -6.90508e+01 2.04393e-01 3.88023e-01
 29    30 -7.31026e+01 2.07686e-01 3.95507e-01
 30    31 -7.13517e+01 2.16462e-01 4.06062e-01
 31    32 -7.12256e+01 2.22826e-01 4.12190e-01
 32    33 -6.91531e+01 2.22648e-01 4.11467e-01
 33    34 -7.03424e+01 2.14605e-01 4.03328e-01
 34    35 -7.23608e+01 1.99661e-01 3.89220e-01
 35    36 -7.01180e+01 1.82452e-01 3.74470e-01
 36    37 -6.85406e+01 1.66127e-01 3.62522e-01
 37    38 -7.21839e+01 1.53875e-01 3.56013e-01
 38    39 -7.40610e+01 1.48301e-01 3.55548e-01
 39    40 -6.69726e+01 1.50577e-01 3.59940e-01
 40    41 -6.96929e+01 1.58327e-01 3.66330e-01
 41    42 -7.08617e+01 1.68150e-01 3.72574e-01
 42    43 -7.11540e+01 1.77853e-01 3.77797e-01
 43    44 -7.05009e+01 1.84600e-01 3.80765e-01
 44    45 -7.29448e+01 1.86238e-01 3.80591e-01
 45    46 -7.18699e+01 1.83385e-01 3.77926e-01
 46    47 -7.16635e+01 1.78144e-01 3.74018e-01
 47    48 -7.68850e+01 1.73149e-01 3.70290e-01
 48    49 -7.28088e+01 1.69754e-01 3.67325e-01
 49    50 -7.05734e+01 1.69366e-01 3.66436e-01
 50    51 -7.17218e+01 1.70229e-01 3.66097e-01
 51    52 -6.79096e+01 1.72279e-01 3.66222e-01
 52    53 -7.31072e+01 1.74985e-01 3.66567e-01
 53    54 -7.49446e+01 1.77830e-01 3.66859e-01
 54    55 -7.27401e+01 1.80370e-01 3.66888e-01
 55    56 -7.32361e+01 1.82154e-01 3.66411e-01
 56    57 -7.13095e+01 1.82481e-01 3.65073e-01
 57    58 -7.29294e+01 1.81466e-01 3.62907e-01
 58    59 -7.12576e+01 1.79462e-01 3.60101e-01
 59    60 -7.05180e+01 1.75660e-01 3.56210e-01
 60    61 -7.25561e+01 1.71046e-01 3.51762e-01
 61    62 -7.10320e+01 1.65939e-01 3.46928e-01
 62    63 -7.29240e+01 1.60244e-01 3.41739e-01
 63    64 -7.65490e+01 1.54711e-01 3.36564e-01
 64    65 -6.89392e+01 1.50041e-01 3.31818e-01
 65    66 -7.56010e+01 1.46757e-01 3.27801e-01
 66    67 -7.37831e+01 1.43690e-01 3.23900e-01
 67    68 -7.46385e+01 1.41757e-01 3.20656e-01
 68    69 -7.10157e+01 1.39779e-01 3.17470e-01
 69    70 -6.81082e+01 1.37472e-01 3.14177e-01
 70    71 -7.06833e+01 1.34519e-01 3.10662e-01
 71    72 -7.18535e+01 1.31546e-01 3.07235e-01
 72    73 -7.13984e+01 1.28104e-01 3.03672e-01
 73    74 -7.23544e+01 1.24945e-01 3.00374e-01
 74    75 -7.46509e+01 1.22425e-01 2.97528e-01
 75    76 -7.23612e+01 1.20943e-01 2.95351e-01
 76    77 -6.93762e+01 1.20123e-01 2.93621e-01
 77    78 -7.58603e+01 1.19665e-01 2.92174e-01
 78    79 -7.38245e+01 1.18763e-01 2.90573e-01
 79    80 -7.17461e+01 1.17500e-01 2.88835e-01
 80    81 -7.19393e+01 1.16558e-01 2.87342e-01
 81    82 -7.28930e+01 1.15535e-01 2.85853e-01
 82    83 -7.47098e+01 1.15275e-01 2.84815e-01
 83    84 -7.09640e+01 1.15199e-01 2.83921e-01
 84    85 -7.17646e+01 1.14932e-01 2.82946e-01
 85    86 -7.09864e+01 1.14790e-01 2.82037e-01
 86    87 -7.37079e+01 1.14762e-01 2.81205e-01
 87    88 -7.46418e+01 1.14541e-01 2.80287e-01
 88    89 -7.21787e+01 1.13823e-01 2.79104e-01
 89    90 -7.26507e+01 1.13162e-01 2.77970e-01
 90    91 -7.15667e+01 1.12587e-01 2.76910e-01
 91    92 -7.14836e+01 1.12751e-01 2.76266e-01
 92    93 -6.91717e+01 1.12763e-01 2.75560e-01
 93    94 -6.83382e+01 1.13235e-01 2.75113e-01
 94    95 -7.05146e+01 1.13482e-01 2.74555e-01
 95    96 -6.96927e+01 1.14601e-01 2.74436e-01
 96    97 -6.94385e+01 1.16094e-01 2.74497e-01
 97    98 -7.52910e+01 1.17368e-01 2.74452e-01
 98   100 -6.90939e+01 1.17732e-01 2.73272e-01
