i, epoch, loss, l2_err, h1_err
  0     1 -1.13397e+01 8.04390e-01 8.71362e-01
  1     2 -2.08685e+01 7.39981e-01 8.03506e-01
  2     3 -2.85783e+01 6.82576e-01 7.59136e-01
  3     4 -3.70643e+01 6.40500e-01 7.51184e-01
  4     5 -4.54918e+01 6.18568e-01 7.72730e-01
  5     6 -4.82364e+01 6.28365e-01 8.13319e-01
  6     7 -5.09350e+01 6.48481e-01 8.61521e-01
  7     8 -5.48814e+01 6.54816e-01 8.97845e-01
  8     9 -5.45221e+01 6.50441e-01 9.16096e-01
  9    10 -5.90529e+01 6.23715e-01 9.15930e-01
 10    11 -6.07741e+01 5.92633e-01 9.07695e-01
 11    12 -6.17546e+01 5.54213e-01 8.92114e-01
 12    13 -6.50225e+01 5.03556e-01 8.67564e-01
 13    14 -6.70613e+01 4.36968e-01 8.32098e-01
 14    15 -6.50064e+01 3.75067e-01 7.88805e-01
 15    16 -6.38028e+01 3.19956e-01 7.40443e-01
 16    17 -6.44895e+01 2.73237e-01 6.90187e-01
 17    18 -7.12136e+01 2.39082e-01 6.40897e-01
 18    19 -7.31176e+01 2.10187e-01 5.90447e-01
 19    20 -7.11015e+01 1.87293e-01 5.39105e-01
 20    21 -7.06213e+01 1.75770e-01 4.94001e-01
 21    22 -7.21518e+01 1.70478e-01 4.55520e-01
 22    23 -7.10959e+01 1.68595e-01 4.24893e-01
 23    24 -7.27582e+01 1.65953e-01 4.02287e-01
 24    25 -7.25913e+01 1.66262e-01 3.93590e-01
 25    26 -7.06785e+01 1.71292e-01 4.00464e-01
 26    27 -6.94795e+01 1.84468e-01 4.19129e-01
 27    28 -7.02117e+01 1.90012e-01 4.34519e-01
 28    29 -7.10639e+01 1.78162e-01 4.40210e-01
 29    30 -7.19874e+01 1.62495e-01 4.42507e-01
 30    31 -7.20642e+01 1.55869e-01 4.46744e-01
 31    32 -7.23908e+01 1.59629e-01 4.53522e-01
 32    33 -7.21951e+01 1.63944e-01 4.56053e-01
 33    34 -6.92722e+01 1.56758e-01 4.48381e-01
 34    35 -7.12806e+01 1.46256e-01 4.34993e-01
 35    36 -7.00022e+01 1.34764e-01 4.17023e-01
 36    37 -6.93099e+01 1.25765e-01 3.98247e-01
 37    38 -7.33061e+01 1.23225e-01 3.82465e-01
 38    39 -7.08551e+01 1.21175e-01 3.66909e-01
 39    40 -7.22799e+01 1.18703e-01 3.51945e-01
 40    41 -7.00939e+01 1.15256e-01 3.38088e-01
 41    42 -7.01378e+01 1.06759e-01 3.22419e-01
 42    43 -7.23608e+01 1.02746e-01 3.10317e-01
 43    44 -7.47694e+01 1.05700e-01 3.03731e-01
 44    45 -7.08018e+01 1.10415e-01 2.99157e-01
 45    46 -7.29148e+01 1.10415e-01 2.93718e-01
 46    47 -7.38684e+01 1.10567e-01 2.90017e-01
 47    48 -6.92604e+01 1.18885e-01 2.93054e-01
 48    49 -7.14083e+01 1.33981e-01 3.01479e-01
 49    50 -7.42721e+01 1.36935e-01 3.03219e-01
 50    51 -7.52635e+01 1.33514e-01 3.01267e-01
 51    52 -7.63734e+01 1.26664e-01 2.97042e-01
 52    53 -7.22468e+01 1.22507e-01 2.94079e-01
 53    54 -6.81745e+01 1.25889e-01 2.95145e-01
 54    55 -7.00763e+01 1.33022e-01 2.98473e-01
 55    56 -7.13595e+01 1.36416e-01 2.99603e-01
 56    57 -7.08120e+01 1.32164e-01 2.95841e-01
 57    58 -7.30406e+01 1.24812e-01 2.90300e-01
 58    59 -7.01093e+01 1.16764e-01 2.84399e-01
 59    60 -7.09907e+01 1.13976e-01 2.81357e-01
 60    61 -7.08507e+01 1.17419e-01 2.81626e-01
 61    62 -7.54037e+01 1.25399e-01 2.84398e-01
 62    63 -7.21683e+01 1.29870e-01 2.85246e-01
 63    64 -7.50322e+01 1.26138e-01 2.81180e-01
 64    65 -7.19559e+01 1.17531e-01 2.74541e-01
 65    66 -7.39712e+01 1.10413e-01 2.68919e-01
 66    67 -7.20503e+01 1.11692e-01 2.68241e-01
 67    68 -7.32388e+01 1.19744e-01 2.71668e-01
 68    69 -7.20804e+01 1.27085e-01 2.75011e-01
 69    70 -7.38465e+01 1.30206e-01 2.76068e-01
 70    71 -7.29264e+01 1.29181e-01 2.74885e-01
 71    72 -7.26013e+01 1.23875e-01 2.71331e-01
 72    73 -7.25364e+01 1.16865e-01 2.66933e-01
 73    74 -7.45622e+01 1.15053e-01 2.65646e-01
 74    75 -6.80330e+01 1.19578e-01 2.67994e-01
 75    76 -7.46007e+01 1.28368e-01 2.72689e-01
 76    77 -7.13261e+01 1.29800e-01 2.73092e-01
 77    78 -7.23047e+01 1.24074e-01 2.69166e-01
 78    79 -6.98479e+01 1.17616e-01 2.64894e-01
 79    80 -7.51267e+01 1.15942e-01 2.63479e-01
 80    81 -7.33878e+01 1.18977e-01 2.64819e-01
 81    82 -7.16902e+01 1.27546e-01 2.69782e-01
 82    83 -7.04692e+01 1.31154e-01 2.71826e-01
 83    84 -6.78796e+01 1.29963e-01 2.71197e-01
 84    85 -7.03333e+01 1.27938e-01 2.70464e-01
 85    86 -7.20545e+01 1.25359e-01 2.69509e-01
 86    87 -7.23508e+01 1.25236e-01 2.69776e-01
 87    88 -7.39719e+01 1.29762e-01 2.72609e-01
 88    89 -7.02594e+01 1.35169e-01 2.75973e-01
 89    90 -7.23259e+01 1.37722e-01 2.77551e-01
 90    91 -7.04313e+01 1.36831e-01 2.76819e-01
 91    92 -7.28617e+01 1.33966e-01 2.74868e-01
 92    93 -7.19497e+01 1.31458e-01 2.73114e-01
 93    94 -7.11295e+01 1.33245e-01 2.73928e-01
 94    95 -7.07902e+01 1.36401e-01 2.75494e-01
 95    96 -6.77007e+01 1.38363e-01 2.76406e-01
 96    97 -7.24446e+01 1.36621e-01 2.74712e-01
 97    98 -7.05061e+01 1.34469e-01 2.72518e-01
 98   100 -7.32657e+01 1.32624e-01 2.69255e-01
