i, epoch, loss, l2_err, h1_err
  0     1 -1.66397e+01 9.18361e-01 9.80481e-01
  1     2 -2.58451e+01 8.80566e-01 9.45912e-01
  2     3 -3.52994e+01 8.58695e-01 9.82663e-01
  3     4 -4.47752e+01 8.42222e-01 1.04463e+00
  4     5 -4.43052e+01 8.18110e-01 1.10528e+00
  5     6 -5.03265e+01 7.87090e-01 1.16572e+00
  6     7 -5.14298e+01 7.61379e-01 1.21785e+00
  7     8 -5.89394e+01 7.34421e-01 1.25716e+00
  8     9 -5.78802e+01 7.14674e-01 1.27183e+00
  9    10 -5.93852e+01 6.96789e-01 1.26630e+00
 10    11 -6.14025e+01 6.73535e-01 1.25035e+00
 11    12 -6.02441e+01 6.50526e-01 1.22601e+00
 12    13 -6.46335e+01 6.27398e-01 1.19252e+00
 13    14 -6.42960e+01 6.00286e-01 1.15630e+00
 14    15 -6.56150e+01 5.65370e-01 1.11937e+00
 15    16 -6.47798e+01 5.35167e-01 1.08332e+00
 16    17 -6.43154e+01 5.15737e-01 1.04466e+00
 17    18 -7.05303e+01 4.99588e-01 1.00523e+00
 18    19 -6.91037e+01 4.81109e-01 9.67289e-01
 19    20 -6.74873e+01 4.62170e-01 9.29309e-01
 20    21 -7.26130e+01 4.45724e-01 8.85720e-01
 21    22 -7.08753e+01 4.28069e-01 8.35705e-01
 22    23 -7.32682e+01 4.07673e-01 7.82730e-01
 23    24 -6.96924e+01 3.86568e-01 7.33227e-01
 24    25 -7.35317e+01 3.65024e-01 6.91004e-01
 25    26 -7.39124e+01 3.49476e-01 6.55832e-01
 26    27 -7.23113e+01 3.39494e-01 6.27862e-01
 27    28 -7.43799e+01 3.31129e-01 6.05858e-01
 28    29 -7.27612e+01 3.18716e-01 5.88142e-01
 29    30 -6.95656e+01 3.03564e-01 5.71558e-01
 30    31 -6.90035e+01 2.85025e-01 5.54966e-01
 31    32 -6.98244e+01 2.65220e-01 5.40232e-01
 32    33 -6.99011e+01 2.51562e-01 5.24348e-01
 33    34 -6.92228e+01 2.38590e-01 5.08056e-01
 34    35 -6.99725e+01 2.23117e-01 4.89663e-01
 35    36 -7.12013e+01 2.07431e-01 4.69013e-01
 36    37 -6.93745e+01 1.91615e-01 4.44983e-01
 37    38 -7.57139e+01 1.77147e-01 4.15568e-01
 38    39 -7.50706e+01 1.65834e-01 3.84012e-01
 39    40 -7.41709e+01 1.55837e-01 3.53577e-01
 40    41 -7.08073e+01 1.48293e-01 3.25247e-01
 41    42 -7.14464e+01 1.40512e-01 3.03009e-01
 42    43 -7.45309e+01 1.33338e-01 2.88658e-01
 43    44 -7.16562e+01 1.26763e-01 2.80070e-01
 44    45 -7.43701e+01 1.21752e-01 2.74752e-01
 45    46 -7.40626e+01 1.18804e-01 2.70383e-01
 46    47 -7.25148e+01 1.16116e-01 2.65194e-01
 47    48 -7.16522e+01 1.10582e-01 2.59333e-01
 48    49 -7.25781e+01 1.05709e-01 2.53100e-01
 49    50 -7.22121e+01 1.03073e-01 2.49411e-01
 50    51 -7.38726e+01 1.00800e-01 2.45175e-01
 51    52 -7.44616e+01 9.83492e-02 2.40495e-01
 52    53 -7.31375e+01 9.60012e-02 2.35487e-01
 53    54 -7.37716e+01 9.39949e-02 2.30410e-01
 54    55 -7.44727e+01 9.21803e-02 2.25238e-01
 55    56 -7.14951e+01 8.96210e-02 2.19939e-01
 56    57 -7.17953e+01 8.74946e-02 2.15078e-01
 57    58 -6.75570e+01 8.56176e-02 2.10496e-01
 58    59 -7.15531e+01 8.41554e-02 2.06419e-01
 59    60 -7.37098e+01 8.36695e-02 2.02733e-01
 60    61 -6.98253e+01 8.32876e-02 1.99030e-01
 61    62 -7.23809e+01 8.20147e-02 1.95345e-01
 62    63 -7.13178e+01 8.12807e-02 1.91863e-01
 63    64 -7.48296e+01 8.12834e-02 1.88546e-01
 64    66 -7.32361e+01 8.33257e-02 1.82545e-01
 65    67 -7.36209e+01 8.36295e-02 1.80394e-01
 66    68 -6.94631e+01 8.29051e-02 1.78746e-01
 67    69 -7.27731e+01 8.24737e-02 1.77453e-01
 68    70 -7.20263e+01 8.34213e-02 1.76578e-01
 69    71 -7.00788e+01 8.58950e-02 1.76100e-01
 70    73 -6.85475e+01 8.72922e-02 1.75842e-01
 71    74 -7.86865e+01 8.74718e-02 1.75909e-01
 72    75 -7.07297e+01 8.90174e-02 1.76246e-01
 73    77 -7.46608e+01 9.26256e-02 1.77765e-01
 74    78 -7.24619e+01 9.25821e-02 1.78855e-01
 75    79 -6.68370e+01 9.23535e-02 1.79988e-01
 76    81 -7.24200e+01 9.31285e-02 1.82903e-01
 77    82 -7.55765e+01 9.53720e-02 1.84262e-01
 78    84 -7.13616e+01 9.82388e-02 1.86567e-01
 79    85 -7.39095e+01 9.79733e-02 1.87569e-01
 80    87 -7.20081e+01 9.78466e-02 1.89698e-01
 81    88 -7.47613e+01 9.95414e-02 1.90510e-01
 82    90 -7.13356e+01 1.01891e-01 1.91875e-01
 83    91 -7.68323e+01 1.01896e-01 1.92293e-01
 84    93 -7.04482e+01 1.01715e-01 1.92653e-01
 85    94 -7.42030e+01 1.02510e-01 1.92448e-01
 86    96 -7.26619e+01 1.04703e-01 1.91578e-01
 87    98 -7.11220e+01 1.06145e-01 1.90966e-01
 88   100 -7.25937e+01 1.05448e-01 1.91154e-01
 89   101 -6.93639e+01 1.07039e-01 1.90998e-01
 90   103 -7.01421e+01 1.07978e-01 1.90121e-01
 91   105 -7.42024e+01 1.07037e-01 1.89106e-01
 92   107 -7.54242e+01 1.08921e-01 1.89204e-01
 93   109 -7.03607e+01 1.09590e-01 1.90287e-01
 94   110 -7.32770e+01 1.09444e-01 1.91021e-01
 95   112 -7.15087e+01 1.09781e-01 1.92049e-01
 96   114 -7.27632e+01 1.09627e-01 1.93072e-01
 97   116 -7.28159e+01 1.10357e-01 1.93396e-01
 98   118 -7.23752e+01 1.11960e-01 1.93863e-01
 99   120 -6.93385e+01 1.12199e-01 1.94017e-01
100   123 -7.02667e+01 1.10484e-01 1.93071e-01
101   125 -7.28762e+01 1.14074e-01 1.92409e-01
102   127 -7.34344e+01 1.09693e-01 1.92623e-01
103   129 -7.29378e+01 1.12553e-01 1.92941e-01
104   131 -7.63139e+01 1.12869e-01 1.93174e-01
105   134 -6.97009e+01 1.12376e-01 1.91990e-01
106   136 -7.25874e+01 1.13633e-01 1.91754e-01
107   138 -7.33213e+01 1.12586e-01 1.92623e-01
108   141 -7.27520e+01 1.13983e-01 1.93075e-01
109   143 -6.83775e+01 1.11241e-01 1.92704e-01
110   146 -7.37847e+01 1.15199e-01 1.92659e-01
111   148 -7.26235e+01 1.10179e-01 1.93405e-01
112   151 -7.23065e+01 1.15848e-01 1.92957e-01
113   154 -7.36068e+01 1.14664e-01 1.93139e-01
114   156 -7.08998e+01 1.11581e-01 1.93281e-01
115   159 -7.36627e+01 1.16019e-01 1.92030e-01
116   162 -7.13973e+01 1.13317e-01 1.91441e-01
117   165 -7.25484e+01 1.13874e-01 1.91091e-01
118   168 -7.03212e+01 1.14598e-01 1.91376e-01
119   171 -7.50514e+01 1.14180e-01 1.92045e-01
120   174 -7.25761e+01 1.15281e-01 1.92470e-01
121   177 -7.12472e+01 1.13805e-01 1.92452e-01
122   180 -7.33347e+01 1.15421e-01 1.91915e-01
123   183 -7.49453e+01 1.13507e-01 1.91763e-01
124   186 -7.15790e+01 1.15030e-01 1.90485e-01
125   189 -6.92707e+01 1.13679e-01 1.89912e-01
126   193 -7.33162e+01 1.13673e-01 1.90733e-01
127   196 -7.29665e+01 1.16031e-01 1.91859e-01
128   199 -6.84768e+01 1.12807e-01 1.92511e-01
129   203 -7.48450e+01 1.16334e-01 1.91477e-01
130   206 -7.49569e+01 1.14614e-01 1.91312e-01
131   210 -7.20105e+01 1.17957e-01 1.91314e-01
132   214 -7.55818e+01 1.14275e-01 1.92670e-01
133   217 -7.26490e+01 1.16466e-01 1.92722e-01
134   221 -7.15195e+01 1.15588e-01 1.93176e-01
135   225 -7.60941e+01 1.15386e-01 1.92861e-01
136   229 -7.50299e+01 1.16574e-01 1.93104e-01
137   233 -7.06770e+01 1.17475e-01 1.92534e-01
138   237 -7.22189e+01 1.15323e-01 1.91951e-01
139   241 -6.84808e+01 1.18505e-01 1.91256e-01
140   246 -7.46145e+01 1.17588e-01 1.92356e-01
141   250 -7.05094e+01 1.16449e-01 1.94437e-01
142   254 -7.33210e+01 1.22086e-01 1.94412e-01
143   259 -7.23790e+01 1.19118e-01 1.94041e-01
144   263 -7.20736e+01 1.17331e-01 1.93633e-01
145   268 -7.44228e+01 1.20008e-01 1.93117e-01
146   272 -7.24113e+01 1.18108e-01 1.92982e-01
147   277 -7.06365e+01 1.18452e-01 1.93844e-01
148   282 -7.33095e+01 1.19303e-01 1.93304e-01
149   287 -7.17616e+01 1.18908e-01 1.93322e-01
150   292 -7.47147e+01 1.17168e-01 1.93781e-01
151   297 -7.20633e+01 1.18965e-01 1.93344e-01
152   302 -7.01804e+01 1.20540e-01 1.93617e-01
153   308 -7.44818e+01 1.19393e-01 1.94484e-01
154   313 -7.18165e+01 1.19641e-01 1.94418e-01
155   318 -7.31031e+01 1.19067e-01 1.94245e-01
156   324 -7.21818e+01 1.18645e-01 1.93985e-01
157   330 -6.83570e+01 1.19115e-01 1.93523e-01
158   335 -7.60236e+01 1.19097e-01 1.93025e-01
159   341 -7.04675e+01 1.20069e-01 1.92321e-01
160   347 -7.33419e+01 1.18214e-01 1.92481e-01
161   353 -7.33700e+01 1.18301e-01 1.93032e-01
162   360 -7.49715e+01 1.17855e-01 1.92869e-01
163   366 -6.96468e+01 1.19383e-01 1.91760e-01
164   372 -7.03475e+01 1.18203e-01 1.91639e-01
165   379 -7.20157e+01 1.19783e-01 1.91925e-01
166   385 -7.41532e+01 1.18905e-01 1.93351e-01
167   392 -7.37948e+01 1.20643e-01 1.94408e-01
168   399 -7.67765e+01 1.20170e-01 1.94198e-01
169   406 -6.84884e+01 1.19795e-01 1.94012e-01
170   413 -7.13349e+01 1.20442e-01 1.93421e-01
171   420 -7.34547e+01 1.20628e-01 1.93306e-01
172   428 -7.37062e+01 1.22002e-01 1.93442e-01
173   435 -7.29728e+01 1.22257e-01 1.93165e-01
174   443 -7.14037e+01 1.21360e-01 1.92643e-01
175   450 -7.30240e+01 1.19903e-01 1.92155e-01
176   458 -7.46130e+01 1.19525e-01 1.91558e-01
177   466 -7.54493e+01 1.19864e-01 1.91880e-01
178   474 -7.39811e+01 1.21175e-01 1.91602e-01
179   483 -6.88640e+01 1.22246e-01 1.92183e-01
180   491 -7.19144e+01 1.21782e-01 1.92771e-01
181   500 -7.17846e+01 1.21179e-01 1.93910e-01
182   509 -7.39484e+01 1.21315e-01 1.93553e-01
183   517 -7.00688e+01 1.20140e-01 1.92638e-01
184   526 -7.31417e+01 1.20212e-01 1.91891e-01
185   536 -7.48543e+01 1.20483e-01 1.92047e-01
186   545 -7.19677e+01 1.20435e-01 1.91839e-01
187   555 -7.15398e+01 1.19914e-01 1.91567e-01
188   564 -7.08041e+01 1.20116e-01 1.91285e-01
189   574 -7.29116e+01 1.19504e-01 1.91264e-01
190   584 -7.31462e+01 1.19837e-01 1.91321e-01
191   594 -7.33644e+01 1.19768e-01 1.91299e-01
192   605 -7.15734e+01 1.19369e-01 1.91768e-01
193   615 -6.98510e+01 1.20364e-01 1.91958e-01
194   626 -6.73024e+01 1.20019e-01 1.92093e-01
195   637 -7.27883e+01 1.20572e-01 1.92766e-01
196   648 -7.01109e+01 1.20838e-01 1.91693e-01
197   660 -7.10810e+01 1.20158e-01 1.90166e-01
198   671 -7.34372e+01 1.20335e-01 1.91154e-01
199   683 -7.21983e+01 1.19903e-01 1.91726e-01
200   695 -7.58480e+01 1.19854e-01 1.90854e-01
201   707 -6.97279e+01 1.21155e-01 1.90744e-01
202   719 -7.38132e+01 1.20804e-01 1.91785e-01
203   732 -7.30032e+01 1.19897e-01 1.92089e-01
204   745 -7.35089e+01 1.21746e-01 1.92415e-01
205   758 -7.31163e+01 1.22043e-01 1.92747e-01
206   771 -7.52147e+01 1.21656e-01 1.92672e-01
207   784 -7.30397e+01 1.20680e-01 1.92242e-01
208   798 -7.10886e+01 1.21242e-01 1.92824e-01
209   812 -7.20035e+01 1.20476e-01 1.91905e-01
210   826 -7.17106e+01 1.21231e-01 1.92091e-01
211   841 -7.36337e+01 1.21817e-01 1.92057e-01
212   855 -7.48427e+01 1.20796e-01 1.91622e-01
213   870 -7.18926e+01 1.20640e-01 1.91619e-01
214   885 -7.09514e+01 1.20738e-01 1.92038e-01
215   901 -7.05689e+01 1.20677e-01 1.91689e-01
216   917 -7.58373e+01 1.21517e-01 1.91468e-01
217   933 -7.07392e+01 1.20800e-01 1.91397e-01
218   949 -7.45227e+01 1.20885e-01 1.91335e-01
219   965 -7.13865e+01 1.21446e-01 1.92386e-01
220   982 -6.98315e+01 1.21429e-01 1.93147e-01
221  1000 -7.19333e+01 1.20835e-01 1.92472e-01
