i, epoch, loss, l2_err, h1_err
  0     1 -1.51903e+01 9.27569e-01 1.09676e+00
  1     2 -2.36843e+01 9.03704e-01 1.08133e+00
  2     3 -3.12109e+01 8.84429e-01 1.15255e+00
  3     4 -3.77572e+01 8.68297e-01 1.30040e+00
  4     5 -4.78888e+01 8.53538e-01 1.48293e+00
  5     6 -5.11248e+01 8.39010e-01 1.64065e+00
  6     7 -5.61795e+01 8.23435e-01 1.73381e+00
  7     8 -6.01941e+01 8.07233e-01 1.77112e+00
  8     9 -5.88238e+01 7.92306e-01 1.78288e+00
  9    10 -5.89427e+01 7.78506e-01 1.78697e+00
 10    11 -6.16642e+01 7.63237e-01 1.78260e+00
 11    12 -6.34760e+01 7.46112e-01 1.76881e+00
 12    13 -6.88208e+01 7.27909e-01 1.74343e+00
 13    14 -6.73520e+01 7.10561e-01 1.69958e+00
 14    15 -6.20901e+01 6.93587e-01 1.64410e+00
 15    16 -6.71206e+01 6.76725e-01 1.58388e+00
 16    17 -6.76810e+01 6.59272e-01 1.52017e+00
 17    18 -6.73684e+01 6.41332e-01 1.45559e+00
 18    19 -7.24599e+01 6.24009e-01 1.39197e+00
 19    20 -6.72828e+01 6.08397e-01 1.33188e+00
 20    21 -7.25124e+01 5.94789e-01 1.27485e+00
 21    22 -7.20996e+01 5.81672e-01 1.22392e+00
 22    23 -6.96295e+01 5.66542e-01 1.18165e+00
 23    24 -6.78372e+01 5.48544e-01 1.14735e+00
 24    25 -7.10400e+01 5.29505e-01 1.11628e+00
 25    26 -7.24754e+01 5.11476e-01 1.08265e+00
 26    27 -7.39381e+01 4.94960e-01 1.04261e+00
 27    28 -7.18623e+01 4.80464e-01 1.00024e+00
 28    29 -7.31015e+01 4.66223e-01 9.57499e-01
 29    30 -7.08507e+01 4.52139e-01 9.14102e-01
