i, epoch, loss, l2_err, h1_err
  0     1 -6.81591e+00 9.87374e-01 1.34936e+00
  1     2 -1.73828e+01 9.64914e-01 1.36687e+00
  2     3 -2.68755e+01 9.42409e-01 1.49204e+00
  3     4 -3.50209e+01 9.21579e-01 1.65200e+00
  4     5 -3.97928e+01 9.01808e-01 1.76789e+00
  5     6 -4.45425e+01 8.82666e-01 1.85238e+00
  6     7 -5.00472e+01 8.65168e-01 1.92947e+00
  7     8 -5.46038e+01 8.50706e-01 1.97268e+00
  8     9 -5.38256e+01 8.34360e-01 1.95938e+00
  9    10 -5.91123e+01 8.19610e-01 1.93280e+00
 10    11 -5.81648e+01 8.06195e-01 1.91005e+00
 11    12 -6.32760e+01 7.92723e-01 1.88884e+00
 12    13 -6.43548e+01 7.79785e-01 1.88108e+00
 13    14 -6.69205e+01 7.67762e-01 1.87601e+00
 14    15 -6.55875e+01 7.57524e-01 1.83952e+00
 15    16 -6.76829e+01 7.48247e-01 1.77402e+00
 16    17 -6.57215e+01 7.39173e-01 1.71308e+00
 17    18 -6.93380e+01 7.27513e-01 1.66307e+00
 18    19 -6.65698e+01 7.12916e-01 1.62573e+00
 19    20 -6.86452e+01 6.97500e-01 1.60097e+00
 20    21 -6.78164e+01 6.84035e-01 1.57709e+00
 21    22 -6.80011e+01 6.73920e-01 1.55581e+00
 22    23 -7.46678e+01 6.64933e-01 1.52706e+00
 23    24 -7.21098e+01 6.54798e-01 1.48491e+00
 24    25 -6.68549e+01 6.43231e-01 1.43504e+00
 25    26 -6.85845e+01 6.32457e-01 1.36663e+00
 26    27 -6.81783e+01 6.21886e-01 1.28581e+00
 27    28 -7.18762e+01 6.11091e-01 1.21269e+00
 28    29 -6.89674e+01 6.00410e-01 1.15655e+00
 29    30 -7.09943e+01 5.89887e-01 1.12041e+00
