i, epoch, loss, l2_err, h1_err
  0     1 -6.31954e+00 8.71671e-01 8.63629e-01
  1     2 -1.51122e+01 8.20551e-01 8.30645e-01
  2     3 -2.28258e+01 7.80997e-01 8.01675e-01
  3     4 -2.99182e+01 7.59063e-01 7.85403e-01
  4     5 -3.71007e+01 7.48923e-01 7.81091e-01
  5     6 -4.47310e+01 7.30190e-01 7.72813e-01
  6     7 -4.93431e+01 6.90488e-01 7.49009e-01
  7     8 -5.10666e+01 6.30375e-01 7.11281e-01
  8     9 -5.41494e+01 5.59983e-01 6.67201e-01
  9    10 -6.10887e+01 4.87658e-01 6.23350e-01
 10    11 -6.06243e+01 4.32981e-01 5.89252e-01
 11    12 -6.66236e+01 3.99869e-01 5.65092e-01
 12    13 -6.81954e+01 3.78263e-01 5.46409e-01
 13    14 -6.75108e+01 3.57577e-01 5.28162e-01
 14    15 -7.05389e+01 3.21176e-01 5.00947e-01
 15    16 -6.75155e+01 2.64753e-01 4.62010e-01
 16    17 -7.08244e+01 2.08958e-01 4.21787e-01
 17    18 -7.19760e+01 1.74518e-01 3.92704e-01
 18    19 -6.87064e+01 1.59067e-01 3.78453e-01
 19    20 -7.05269e+01 1.52940e-01 3.74959e-01
 20    21 -7.38258e+01 1.50487e-01 3.75383e-01
 21    22 -7.32061e+01 1.61503e-01 3.79396e-01
 22    23 -7.45026e+01 1.85985e-01 3.88133e-01
 23    24 -6.94907e+01 1.99570e-01 3.98121e-01
 24    25 -6.83547e+01 2.02150e-01 4.03249e-01
 25    26 -7.08455e+01 2.02388e-01 3.99546e-01
 26    27 -7.26108e+01 2.03016e-01 3.86791e-01
 27    28 -6.80578e+01 2.04456e-01 3.76657e-01
 28    29 -7.17276e+01 2.02090e-01 3.76912e-01
 29    30 -7.31857e+01 2.02434e-01 3.80831e-01
