i, epoch, loss, l2_err, h1_err
  0     1 -2.77629e+00 9.90439e-01 1.48715e+00
  1     2 -1.31447e+01 9.67638e-01 1.52042e+00
  2     3 -1.93620e+01 9.45617e-01 1.59860e+00
  3     4 -2.79798e+01 9.24300e-01 1.67905e+00
  4     5 -3.37557e+01 9.03927e-01 1.74179e+00
  5     6 -4.02943e+01 8.84831e-01 1.78554e+00
  6     7 -4.21535e+01 8.66453e-01 1.80260e+00
  7     8 -4.75032e+01 8.48612e-01 1.79783e+00
  8     9 -5.07181e+01 8.30691e-01 1.77680e+00
  9    10 -5.74645e+01 8.12788e-01 1.74896e+00
 10    11 -5.66419e+01 7.94476e-01 1.71561e+00
 11    12 -5.89193e+01 7.75408e-01 1.67749e+00
 12    13 -6.28162e+01 7.55586e-01 1.63512e+00
 13    14 -6.52669e+01 7.35067e-01 1.58942e+00
 14    15 -6.60087e+01 7.13723e-01 1.54061e+00
 15    16 -6.68993e+01 6.91891e-01 1.48949e+00
 16    17 -6.64962e+01 6.69645e-01 1.43601e+00
 17    18 -6.91186e+01 6.46978e-01 1.38216e+00
 18    19 -6.95675e+01 6.23871e-01 1.32956e+00
 19    20 -7.04561e+01 6.00552e-01 1.27857e+00
 20    21 -6.80791e+01 5.77114e-01 1.23062e+00
 21    22 -7.20845e+01 5.53927e-01 1.18628e+00
 22    23 -7.00782e+01 5.31058e-01 1.14557e+00
 23    24 -7.24179e+01 5.08554e-01 1.10711e+00
 24    25 -7.54410e+01 4.86628e-01 1.06993e+00
 25    26 -7.00966e+01 4.65321e-01 1.03406e+00
 26    27 -6.85060e+01 4.44647e-01 9.99485e-01
 27    28 -7.50177e+01 4.24638e-01 9.64799e-01
 28    29 -6.78317e+01 4.05111e-01 9.30820e-01
 29    30 -7.14234e+01 3.86049e-01 8.97883e-01
 30    31 -7.17982e+01 3.67402e-01 8.64522e-01
 31    32 -7.33623e+01 3.49152e-01 8.31369e-01
 32    33 -7.20256e+01 3.31496e-01 7.97533e-01
 33    34 -7.09218e+01 3.14371e-01 7.62853e-01
 34    35 -7.26719e+01 2.97823e-01 7.27617e-01
 35    36 -6.98587e+01 2.82040e-01 6.92188e-01
 36    37 -7.52006e+01 2.67166e-01 6.58047e-01
 37    38 -7.37328e+01 2.53102e-01 6.26340e-01
 38    39 -7.44197e+01 2.39787e-01 5.96988e-01
 39    40 -7.33619e+01 2.27221e-01 5.69551e-01
 40    41 -6.93973e+01 2.15358e-01 5.42623e-01
 41    42 -7.44121e+01 2.04184e-01 5.15512e-01
 42    43 -7.53815e+01 1.93739e-01 4.88412e-01
 43    44 -7.45199e+01 1.83917e-01 4.60874e-01
 44    45 -7.33747e+01 1.74785e-01 4.33198e-01
 45    46 -7.15402e+01 1.65928e-01 4.06590e-01
 46    47 -7.24812e+01 1.57585e-01 3.81970e-01
 47    48 -7.60820e+01 1.49380e-01 3.58255e-01
 48    49 -7.19579e+01 1.41221e-01 3.34447e-01
 49    50 -7.20081e+01 1.33179e-01 3.11302e-01
 50    51 -7.51207e+01 1.25126e-01 2.89883e-01
 51    52 -7.55688e+01 1.17193e-01 2.71709e-01
 52    53 -7.52697e+01 1.09677e-01 2.53221e-01
 53    54 -7.31847e+01 1.02621e-01 2.37550e-01
 54    55 -7.36885e+01 9.60862e-02 2.26202e-01
 55    56 -7.55374e+01 8.96778e-02 2.17777e-01
 56    57 -7.65506e+01 8.33393e-02 2.09711e-01
 57    58 -7.47872e+01 7.70666e-02 2.02265e-01
 58    59 -7.44184e+01 7.10050e-02 1.96482e-01
 59    60 -7.14591e+01 6.51681e-02 1.89920e-01
 60    61 -7.18926e+01 5.95282e-02 1.84017e-01
 61    62 -7.38739e+01 5.39758e-02 1.78704e-01
 62    63 -7.40327e+01 4.85071e-02 1.70502e-01
 63    64 -7.35161e+01 4.34442e-02 1.65737e-01
 64    66 -7.49326e+01 3.42848e-02 1.57187e-01
 65    67 -7.06332e+01 3.05124e-02 1.49772e-01
 66    68 -7.75325e+01 2.75832e-02 1.46401e-01
 67    69 -7.22633e+01 2.48883e-02 1.41188e-01
 68    70 -7.56946e+01 2.26022e-02 1.37670e-01
 69    71 -7.54329e+01 2.04158e-02 1.32533e-01
 70    73 -7.39145e+01 1.70116e-02 1.20763e-01
 71    74 -7.23351e+01 1.62371e-02 1.14559e-01
 72    75 -7.45262e+01 1.62083e-02 1.10744e-01
 73    77 -7.17957e+01 1.68759e-02 1.02589e-01
 74    78 -7.09019e+01 1.73791e-02 1.05090e-01
 75    79 -7.33376e+01 1.79444e-02 1.09917e-01
 76    81 -7.11232e+01 1.83516e-02 1.00147e-01
 77    82 -7.21064e+01 1.86071e-02 1.01400e-01
 78    84 -7.50292e+01 1.92971e-02 1.07633e-01
 79    85 -7.48564e+01 1.95527e-02 1.05996e-01
 80    87 -7.21749e+01 2.02915e-02 9.69666e-02
 81    88 -6.91188e+01 2.07205e-02 9.55635e-02
 82    90 -7.72114e+01 2.14371e-02 1.02799e-01
 83    91 -7.90079e+01 2.10345e-02 9.76757e-02
 84    93 -7.14776e+01 1.97016e-02 9.79062e-02
 85    94 -7.26652e+01 1.91823e-02 1.04295e-01
 86    96 -7.66614e+01 1.71540e-02 8.41496e-02
 87    98 -7.16746e+01 1.56736e-02 9.37856e-02
 88   100 -7.59120e+01 1.52271e-02 1.02985e-01
 89   101 -7.62926e+01 1.48037e-02 9.55757e-02
 90   103 -7.42094e+01 1.40816e-02 9.42621e-02
 91   105 -7.20606e+01 1.27334e-02 8.77163e-02
 92   107 -6.76321e+01 1.09034e-02 7.60284e-02
 93   109 -7.67964e+01 1.02963e-02 8.57191e-02
 94   110 -7.30140e+01 1.02833e-02 8.78287e-02
 95   112 -7.21073e+01 1.00942e-02 8.55074e-02
 96   114 -7.74009e+01 1.00045e-02 9.30290e-02
 97   116 -7.10797e+01 9.21425e-03 8.04960e-02
 98   118 -7.03914e+01 1.05382e-02 1.01989e-01
 99   120 -7.30742e+01 9.49223e-03 9.09269e-02
100   123 -7.48923e+01 1.10677e-02 1.09351e-01
101   125 -7.44780e+01 9.67712e-03 9.70147e-02
102   127 -7.44561e+01 9.43552e-03 9.07268e-02
103   129 -7.18026e+01 9.97753e-03 1.00079e-01
104   131 -7.24400e+01 9.09057e-03 8.54559e-02
105   134 -7.30598e+01 8.53590e-03 8.68720e-02
106   136 -7.44946e+01 8.21499e-03 7.95226e-02
107   138 -7.54462e+01 9.64558e-03 9.56099e-02
108   141 -7.55510e+01 9.23313e-03 8.94848e-02
109   143 -7.45128e+01 9.13804e-03 8.93054e-02
110   146 -7.38707e+01 9.20945e-03 8.62910e-02
111   148 -7.37373e+01 9.36500e-03 9.18240e-02
112   151 -7.38190e+01 8.41524e-03 7.14565e-02
113   154 -7.23116e+01 8.52155e-03 7.76490e-02
114   156 -7.60503e+01 8.57491e-03 7.74698e-02
115   159 -7.58622e+01 7.59003e-03 7.25716e-02
116   162 -6.94570e+01 7.73760e-03 7.24935e-02
117   165 -7.36898e+01 8.38758e-03 7.76659e-02
118   168 -7.42555e+01 7.27831e-03 6.83272e-02
119   171 -7.06407e+01 8.28353e-03 7.81774e-02
120   174 -7.28114e+01 7.99950e-03 7.15561e-02
121   177 -6.94289e+01 8.07477e-03 7.38929e-02
122   180 -7.27555e+01 7.36308e-03 6.88032e-02
123   183 -7.22299e+01 7.58098e-03 7.06915e-02
124   186 -7.44126e+01 7.27125e-03 7.42036e-02
125   189 -7.47423e+01 7.34350e-03 7.23395e-02
126   193 -7.38985e+01 7.47719e-03 7.20685e-02
127   196 -6.71320e+01 8.62476e-03 7.59939e-02
128   199 -7.20367e+01 9.21648e-03 7.93151e-02
129   203 -7.26387e+01 7.40587e-03 7.50271e-02
130   206 -7.46223e+01 7.91422e-03 7.77535e-02
131   210 -7.06933e+01 6.30468e-03 6.18125e-02
132   214 -7.44568e+01 7.59729e-03 7.70764e-02
133   217 -7.43770e+01 7.40805e-03 6.89714e-02
134   221 -7.30325e+01 6.78911e-03 6.91159e-02
135   225 -7.10177e+01 7.67049e-03 7.37977e-02
136   229 -7.19676e+01 7.26722e-03 6.87901e-02
137   233 -7.43064e+01 8.26912e-03 7.73084e-02
138   237 -7.08489e+01 7.46263e-03 7.53450e-02
139   241 -7.55159e+01 7.88787e-03 7.21741e-02
140   246 -7.35766e+01 8.01491e-03 7.49212e-02
141   250 -7.35621e+01 8.25640e-03 7.29099e-02
142   254 -7.42174e+01 8.85876e-03 8.10163e-02
143   259 -7.29821e+01 8.09673e-03 7.97309e-02
144   263 -7.39664e+01 7.38721e-03 7.16808e-02
145   268 -7.49167e+01 7.76368e-03 7.98017e-02
146   272 -7.47952e+01 8.16739e-03 8.04118e-02
147   277 -7.17472e+01 8.17696e-03 7.42174e-02
148   282 -7.44355e+01 8.33531e-03 8.10220e-02
149   287 -7.08690e+01 8.38494e-03 7.27252e-02
150   292 -7.47806e+01 7.46816e-03 7.39616e-02
151   297 -7.50708e+01 6.77988e-03 6.67773e-02
152   302 -7.20381e+01 6.19570e-03 6.06387e-02
153   308 -7.51994e+01 6.10618e-03 6.06518e-02
154   313 -7.30153e+01 6.03596e-03 5.80274e-02
155   318 -7.28794e+01 5.39906e-03 5.41568e-02
156   324 -7.58739e+01 4.81532e-03 4.94351e-02
157   330 -7.32200e+01 5.24015e-03 5.06370e-02
158   335 -6.90175e+01 5.33766e-03 4.85030e-02
159   341 -7.48454e+01 5.66218e-03 5.60875e-02
160   347 -7.47608e+01 5.56531e-03 5.55633e-02
161   353 -7.15404e+01 4.96105e-03 5.16474e-02
162   360 -7.29249e+01 5.29203e-03 5.65220e-02
163   366 -7.38522e+01 6.09607e-03 5.96849e-02
164   372 -7.14013e+01 5.87881e-03 5.47206e-02
165   379 -7.50954e+01 6.15099e-03 5.67807e-02
166   385 -7.69018e+01 5.66810e-03 5.97121e-02
167   392 -6.99145e+01 5.20602e-03 4.88655e-02
168   399 -7.21909e+01 4.99589e-03 4.65630e-02
169   406 -7.14543e+01 5.56220e-03 4.68030e-02
170   413 -7.28478e+01 6.12708e-03 5.80966e-02
171   420 -7.38622e+01 5.50568e-03 5.22679e-02
172   428 -7.22716e+01 5.78084e-03 5.84065e-02
173   435 -7.35210e+01 5.76168e-03 5.91738e-02
174   443 -7.23715e+01 5.78708e-03 5.56895e-02
175   450 -7.29973e+01 6.85313e-03 6.54503e-02
176   458 -7.28169e+01 5.81919e-03 5.88094e-02
177   466 -7.26996e+01 5.72658e-03 5.34807e-02
178   474 -7.60732e+01 5.74266e-03 5.43593e-02
179   483 -7.45138e+01 7.12047e-03 6.51561e-02
180   491 -7.06069e+01 6.45764e-03 5.95823e-02
181   500 -7.43802e+01 5.76599e-03 5.70760e-02
182   509 -7.38612e+01 5.12284e-03 4.80224e-02
183   517 -7.22781e+01 4.55394e-03 4.29449e-02
184   526 -7.50215e+01 4.49360e-03 4.13074e-02
185   536 -7.56159e+01 4.31848e-03 3.89620e-02
186   545 -7.21343e+01 4.08408e-03 3.86162e-02
187   555 -7.20462e+01 4.76761e-03 4.25123e-02
188   564 -7.35388e+01 3.95356e-03 3.52634e-02
189   574 -7.67263e+01 4.55144e-03 4.22236e-02
190   584 -7.32527e+01 4.83465e-03 4.47719e-02
191   594 -7.21497e+01 4.37130e-03 4.26174e-02
192   605 -7.43934e+01 4.21396e-03 4.01031e-02
193   615 -7.20001e+01 4.46460e-03 4.27817e-02
194   626 -7.33468e+01 4.92909e-03 4.62993e-02
195   637 -7.11854e+01 5.08758e-03 5.04449e-02
196   648 -7.33324e+01 5.23808e-03 5.00410e-02
197   660 -7.54695e+01 4.64970e-03 4.32468e-02
198   671 -7.60176e+01 3.85854e-03 3.73768e-02
199   683 -7.20629e+01 4.56222e-03 4.33308e-02
200   695 -7.10097e+01 4.39050e-03 4.08350e-02
201   707 -7.48800e+01 4.28533e-03 4.10140e-02
202   719 -7.47686e+01 4.38396e-03 4.33349e-02
203   732 -7.24732e+01 4.34309e-03 4.39804e-02
204   745 -7.11531e+01 4.28759e-03 4.35840e-02
205   758 -7.39620e+01 3.63111e-03 3.66191e-02
206   771 -7.21963e+01 3.28918e-03 3.23498e-02
207   784 -7.23870e+01 3.05393e-03 3.07733e-02
208   798 -7.10659e+01 3.16137e-03 3.08875e-02
209   812 -7.11145e+01 3.35625e-03 3.24467e-02
210   826 -7.59110e+01 3.40201e-03 3.25631e-02
211   841 -7.11028e+01 3.48729e-03 3.52782e-02
212   855 -7.37902e+01 3.58658e-03 3.51525e-02
213   870 -7.31081e+01 3.27244e-03 3.38850e-02
214   885 -7.21527e+01 3.97174e-03 3.45264e-02
215   901 -7.34893e+01 3.19510e-03 3.23220e-02
216   917 -7.57614e+01 3.32709e-03 3.23131e-02
217   933 -7.09195e+01 3.27374e-03 3.26406e-02
218   949 -7.20742e+01 3.45038e-03 3.56283e-02
219   965 -7.52186e+01 3.41876e-03 3.45114e-02
220   982 -7.24943e+01 3.48056e-03 3.42168e-02
221  1000 -7.43750e+01 3.24582e-03 3.09025e-02
