i, epoch, loss, l2_err, h1_err
  0     1 -9.56489e+00 9.43589e-01 1.32952e+00
  1     2 -1.83901e+01 9.15001e-01 1.30383e+00
  2     3 -2.73505e+01 8.87069e-01 1.32322e+00
  3     4 -3.20397e+01 8.60215e-01 1.36967e+00
  4     5 -3.85582e+01 8.35056e-01 1.42838e+00
  5     6 -4.53610e+01 8.10909e-01 1.48114e+00
  6     7 -4.85950e+01 7.87589e-01 1.51916e+00
  7     8 -5.11306e+01 7.64921e-01 1.53865e+00
  8     9 -5.61169e+01 7.42619e-01 1.54065e+00
  9    10 -5.79501e+01 7.20722e-01 1.52879e+00
 10    11 -6.37113e+01 6.98906e-01 1.50590e+00
 11    12 -6.28163e+01 6.77390e-01 1.47595e+00
 12    13 -6.72288e+01 6.56067e-01 1.43818e+00
 13    14 -6.67729e+01 6.35095e-01 1.39372e+00
 14    15 -6.60937e+01 6.14623e-01 1.34420e+00
 15    16 -6.74671e+01 5.94678e-01 1.29091e+00
 16    17 -6.96096e+01 5.75161e-01 1.23595e+00
 17    18 -7.10531e+01 5.56088e-01 1.18232e+00
 18    19 -6.79084e+01 5.37441e-01 1.13142e+00
 19    20 -6.87732e+01 5.18949e-01 1.08549e+00
 20    21 -6.87298e+01 5.00755e-01 1.04532e+00
 21    22 -7.02458e+01 4.82860e-01 1.01077e+00
 22    23 -7.20440e+01 4.65096e-01 9.81480e-01
 23    24 -7.03349e+01 4.47503e-01 9.56342e-01
 24    25 -7.01715e+01 4.30039e-01 9.33762e-01
 25    26 -6.87708e+01 4.12675e-01 9.13400e-01
 26    27 -6.84398e+01 3.95055e-01 8.93725e-01
 27    28 -7.32877e+01 3.77521e-01 8.72463e-01
 28    29 -7.12297e+01 3.60003e-01 8.48244e-01
 29    30 -7.27746e+01 3.42727e-01 8.21410e-01
 30    31 -6.91186e+01 3.25866e-01 7.93223e-01
 31    32 -7.20773e+01 3.09755e-01 7.63721e-01
 32    33 -6.84074e+01 2.94163e-01 7.31142e-01
 33    34 -7.34538e+01 2.79092e-01 6.96954e-01
 34    35 -7.34012e+01 2.64538e-01 6.61626e-01
 35    36 -7.14539e+01 2.50362e-01 6.26096e-01
 36    37 -7.11298e+01 2.36603e-01 5.89886e-01
 37    38 -6.89761e+01 2.23324e-01 5.53386e-01
 38    39 -7.35188e+01 2.10256e-01 5.17171e-01
 39    40 -7.15405e+01 1.97536e-01 4.82043e-01
 40    41 -7.26615e+01 1.85288e-01 4.49407e-01
 41    42 -7.19047e+01 1.73455e-01 4.18119e-01
 42    43 -7.03183e+01 1.62371e-01 3.87914e-01
 43    44 -7.23213e+01 1.51832e-01 3.59655e-01
 44    45 -6.92298e+01 1.41745e-01 3.34320e-01
 45    46 -7.46018e+01 1.31911e-01 3.11860e-01
 46    47 -7.31378e+01 1.22195e-01 2.89694e-01
 47    48 -7.57006e+01 1.12839e-01 2.69501e-01
 48    49 -7.11409e+01 1.03948e-01 2.52053e-01
 49    50 -7.22410e+01 9.53118e-02 2.37487e-01
 50    51 -6.98257e+01 8.70271e-02 2.24812e-01
 51    52 -7.21635e+01 7.93723e-02 2.11437e-01
 52    53 -7.29095e+01 7.21976e-02 1.98838e-01
 53    54 -7.25108e+01 6.57853e-02 1.87777e-01
 54    55 -7.28107e+01 5.95818e-02 1.75398e-01
 55    56 -7.33473e+01 5.38813e-02 1.65315e-01
 56    57 -7.37080e+01 4.85486e-02 1.57829e-01
 57    58 -7.11851e+01 4.34471e-02 1.48103e-01
 58    59 -7.51898e+01 3.89980e-02 1.44187e-01
 59    60 -7.38483e+01 3.52802e-02 1.44364e-01
 60    61 -7.17457e+01 3.13993e-02 1.40013e-01
 61    62 -7.29789e+01 2.74402e-02 1.31194e-01
 62    63 -7.27186e+01 2.43870e-02 1.24172e-01
 63    64 -7.20384e+01 2.24762e-02 1.22342e-01
 64    66 -6.92424e+01 2.06973e-02 1.16010e-01
 65    67 -6.93575e+01 2.05498e-02 1.13224e-01
 66    68 -7.18760e+01 2.10786e-02 1.11359e-01
 67    69 -7.17411e+01 2.21883e-02 1.08471e-01
 68    70 -7.37534e+01 2.39692e-02 1.11609e-01
 69    71 -7.56810e+01 2.54018e-02 1.11795e-01
 70    73 -7.25035e+01 2.73090e-02 9.75701e-02
 71    74 -7.09848e+01 2.86532e-02 1.00774e-01
 72    75 -7.33868e+01 2.97987e-02 1.01250e-01
 73    77 -7.10503e+01 3.07814e-02 8.87438e-02
 74    78 -7.22938e+01 3.17366e-02 9.93256e-02
 75    79 -7.19375e+01 3.21531e-02 1.04072e-01
 76    81 -7.29390e+01 2.98401e-02 8.65830e-02
 77    82 -7.60679e+01 2.91021e-02 8.67689e-02
 78    84 -6.97772e+01 2.86683e-02 9.17581e-02
 79    85 -7.39811e+01 2.80614e-02 9.34679e-02
 80    87 -7.13774e+01 2.62126e-02 9.65653e-02
 81    88 -7.50536e+01 2.42445e-02 9.06454e-02
 82    90 -7.48397e+01 2.04831e-02 8.56497e-02
 83    91 -7.18827e+01 1.96832e-02 9.49104e-02
 84    93 -7.21752e+01 1.70065e-02 8.52182e-02
 85    94 -7.60631e+01 1.61419e-02 8.02793e-02
 86    96 -7.20498e+01 1.63118e-02 9.44098e-02
 87    98 -7.16172e+01 1.33213e-02 8.14794e-02
 88   100 -7.34169e+01 1.18711e-02 7.89759e-02
 89   101 -7.29099e+01 1.12757e-02 7.87447e-02
 90   103 -7.11565e+01 1.07773e-02 8.45090e-02
 91   105 -7.19619e+01 1.06827e-02 8.17921e-02
 92   107 -7.49540e+01 9.39337e-03 7.32277e-02
 93   109 -7.24598e+01 8.52007e-03 6.84350e-02
 94   110 -7.69740e+01 8.65591e-03 7.23249e-02
 95   112 -7.45140e+01 1.13172e-02 8.44952e-02
 96   114 -7.53394e+01 1.00804e-02 7.58655e-02
 97   116 -7.61957e+01 8.52854e-03 7.33134e-02
 98   118 -7.44414e+01 9.08436e-03 7.48980e-02
 99   120 -7.28128e+01 1.11345e-02 8.75343e-02
100   123 -7.05680e+01 8.84464e-03 7.10524e-02
101   125 -7.39698e+01 1.03163e-02 8.21617e-02
102   127 -7.48089e+01 1.10556e-02 8.29384e-02
103   129 -7.10244e+01 9.74635e-03 7.45629e-02
104   131 -7.11234e+01 9.81547e-03 7.66333e-02
105   134 -6.91427e+01 1.06833e-02 8.28019e-02
106   136 -7.66562e+01 1.14845e-02 9.01128e-02
107   138 -7.03504e+01 1.07946e-02 9.20851e-02
108   141 -7.44331e+01 9.95858e-03 7.98776e-02
109   143 -7.37299e+01 1.12828e-02 9.21444e-02
110   146 -7.60274e+01 9.24126e-03 7.86855e-02
111   148 -7.10837e+01 1.03257e-02 8.60957e-02
112   151 -7.21133e+01 8.80684e-03 7.23241e-02
113   154 -7.21335e+01 8.17381e-03 6.62123e-02
114   156 -7.34656e+01 9.68018e-03 7.91023e-02
115   159 -7.32351e+01 7.20516e-03 6.54199e-02
116   162 -7.11072e+01 7.75300e-03 6.21907e-02
117   165 -7.30124e+01 9.11473e-03 7.03913e-02
118   168 -7.28139e+01 7.58518e-03 5.89191e-02
119   171 -7.30166e+01 7.98983e-03 6.99057e-02
120   174 -7.28639e+01 7.75685e-03 6.18231e-02
121   177 -7.21017e+01 9.29229e-03 7.49110e-02
122   180 -7.26228e+01 6.61703e-03 5.50601e-02
123   183 -7.43496e+01 8.51701e-03 7.52615e-02
124   186 -7.29367e+01 7.64631e-03 6.65588e-02
125   189 -7.27574e+01 9.15558e-03 7.54488e-02
126   193 -7.24532e+01 7.41774e-03 5.58606e-02
127   196 -7.65546e+01 8.52637e-03 6.84486e-02
128   199 -7.65647e+01 7.50871e-03 5.59862e-02
129   203 -7.80557e+01 6.78713e-03 5.34229e-02
130   206 -7.21905e+01 6.33362e-03 5.14992e-02
131   210 -7.06656e+01 7.95448e-03 6.52162e-02
132   214 -7.41968e+01 7.19898e-03 6.36720e-02
133   217 -6.69483e+01 8.55608e-03 7.69443e-02
134   221 -7.33538e+01 8.29681e-03 7.15482e-02
135   225 -7.31028e+01 7.93377e-03 6.96861e-02
136   229 -7.37715e+01 7.78589e-03 6.41905e-02
137   233 -7.16091e+01 7.56586e-03 6.40540e-02
138   237 -6.78042e+01 7.92885e-03 6.55633e-02
139   241 -7.15944e+01 8.57110e-03 6.98572e-02
140   246 -7.69066e+01 7.57774e-03 6.40714e-02
141   250 -7.32255e+01 7.04836e-03 6.02231e-02
142   254 -7.31723e+01 8.54633e-03 7.00283e-02
143   259 -7.60550e+01 8.36632e-03 6.67541e-02
144   263 -7.51357e+01 8.23827e-03 6.79620e-02
145   268 -6.79857e+01 7.86135e-03 6.20093e-02
146   272 -7.14339e+01 7.23325e-03 6.25445e-02
147   277 -7.74600e+01 7.03626e-03 6.20478e-02
148   282 -7.17350e+01 6.46601e-03 5.29985e-02
149   287 -6.97052e+01 7.36317e-03 6.30408e-02
150   292 -7.21686e+01 8.76932e-03 7.47218e-02
151   297 -7.41418e+01 8.42538e-03 6.62648e-02
152   302 -7.69814e+01 5.86621e-03 4.74682e-02
153   308 -7.42587e+01 6.43489e-03 5.09714e-02
154   313 -7.09632e+01 5.07882e-03 4.36185e-02
155   318 -7.70026e+01 5.64587e-03 4.60695e-02
156   324 -7.18104e+01 5.65650e-03 4.51344e-02
157   330 -7.03335e+01 6.38820e-03 5.14178e-02
158   335 -6.80006e+01 5.05528e-03 4.26136e-02
159   341 -7.36303e+01 5.35456e-03 4.23823e-02
160   347 -7.14042e+01 5.80701e-03 4.78987e-02
161   353 -7.32008e+01 5.65196e-03 5.02201e-02
162   360 -7.38338e+01 4.97974e-03 4.18704e-02
163   366 -7.53213e+01 5.35930e-03 4.55872e-02
164   372 -7.09365e+01 6.02726e-03 5.07454e-02
165   379 -7.57538e+01 5.82097e-03 4.58273e-02
166   385 -7.32381e+01 5.74361e-03 4.48987e-02
167   392 -7.55314e+01 6.24384e-03 4.70377e-02
168   399 -7.58516e+01 5.23277e-03 4.02221e-02
169   406 -7.19237e+01 4.99505e-03 4.23443e-02
170   413 -7.49191e+01 5.64465e-03 4.55266e-02
171   420 -7.31409e+01 4.91271e-03 4.22369e-02
172   428 -7.39407e+01 6.11375e-03 4.57967e-02
173   435 -7.28011e+01 6.20705e-03 5.17693e-02
174   443 -7.28877e+01 5.31058e-03 4.27567e-02
175   450 -7.20098e+01 5.46844e-03 4.40410e-02
176   458 -7.44095e+01 5.59738e-03 4.62589e-02
177   466 -7.25449e+01 6.34504e-03 5.25285e-02
178   474 -6.97404e+01 6.60377e-03 5.63770e-02
179   483 -7.38025e+01 6.73003e-03 5.46428e-02
180   491 -7.55294e+01 6.39528e-03 5.60729e-02
181   500 -7.42788e+01 6.75070e-03 5.23964e-02
182   509 -7.41608e+01 4.00106e-03 3.21771e-02
183   517 -7.24108e+01 4.11563e-03 3.64240e-02
184   526 -7.55990e+01 4.88454e-03 4.07103e-02
185   536 -7.72048e+01 5.18124e-03 4.22815e-02
186   545 -7.36146e+01 4.05450e-03 3.31401e-02
187   555 -7.34504e+01 3.56917e-03 3.23444e-02
188   564 -7.21646e+01 4.36934e-03 3.53206e-02
189   574 -7.34495e+01 3.70592e-03 2.85735e-02
190   584 -7.23617e+01 4.24415e-03 3.42693e-02
191   594 -7.23231e+01 4.04163e-03 3.34973e-02
192   605 -7.14202e+01 3.82869e-03 3.25930e-02
193   615 -7.27831e+01 4.21863e-03 3.56160e-02
194   626 -7.51839e+01 4.64759e-03 3.82260e-02
195   637 -7.45783e+01 4.76186e-03 3.54362e-02
196   648 -7.16177e+01 4.85353e-03 4.02082e-02
197   660 -7.11524e+01 4.49375e-03 3.90071e-02
198   671 -7.49173e+01 4.15155e-03 3.93361e-02
199   683 -7.44928e+01 4.54294e-03 3.80689e-02
200   695 -7.32828e+01 4.17936e-03 3.63678e-02
201   707 -7.37806e+01 4.22379e-03 3.83014e-02
202   719 -7.33344e+01 4.51914e-03 3.86554e-02
203   732 -7.08319e+01 5.15458e-03 4.27437e-02
204   745 -7.52902e+01 4.60385e-03 3.98620e-02
205   758 -7.20197e+01 3.49964e-03 3.05922e-02
206   771 -7.41522e+01 3.54400e-03 2.93342e-02
207   784 -7.18945e+01 3.64150e-03 3.16758e-02
208   798 -7.19612e+01 3.44412e-03 2.96498e-02
209   812 -7.23080e+01 3.40651e-03 2.83244e-02
210   826 -7.54743e+01 3.04618e-03 2.78086e-02
211   841 -7.34089e+01 3.25499e-03 2.64604e-02
212   855 -7.28758e+01 3.08308e-03 2.63849e-02
213   870 -7.45669e+01 3.34254e-03 2.77019e-02
214   885 -7.67322e+01 3.38448e-03 2.85938e-02
215   901 -7.37964e+01 3.26226e-03 2.71321e-02
216   917 -7.60744e+01 4.02978e-03 3.25883e-02
217   933 -7.35779e+01 3.60738e-03 2.92225e-02
218   949 -7.12638e+01 3.67056e-03 2.81040e-02
219   965 -7.23844e+01 3.16951e-03 2.79696e-02
220   982 -7.65560e+01 3.31614e-03 2.69635e-02
221  1000 -7.29245e+01 3.79118e-03 3.19854e-02
