i, epoch, loss, l2_err, h1_err
  0     1 -3.53815e+00 9.65103e-01 1.76969e+00
  1     2 -2.32281e+01 9.56882e-01 1.85939e+00
  2     3 -2.45200e+01 9.40727e-01 1.91997e+00
  3     4 -3.81096e+01 9.36206e-01 2.19912e+00
  4     5 -4.04352e+01 9.26871e-01 2.32862e+00
  5     6 -4.32579e+01 9.17396e-01 2.35303e+00
  6     7 -4.74210e+01 9.11624e-01 2.39056e+00
  7     8 -5.16402e+01 9.06952e-01 2.41736e+00
  8     9 -5.19677e+01 8.99806e-01 2.40002e+00
  9    10 -5.29317e+01 8.89886e-01 2.36731e+00
 10    11 -5.82520e+01 8.81084e-01 2.35611e+00
 11    12 -6.08499e+01 8.74049e-01 2.34029e+00
 12    13 -5.97477e+01 8.66118e-01 2.29700e+00
 13    14 -5.93660e+01 8.57488e-01 2.24329e+00
 14    15 -6.29264e+01 8.49936e-01 2.19083e+00
 15    16 -6.25852e+01 8.42944e-01 2.13838e+00
 16    17 -6.00402e+01 8.34603e-01 2.08598e+00
 17    18 -6.19397e+01 8.25456e-01 2.03774e+00
 18    19 -6.63314e+01 8.16256e-01 1.99577e+00
 19    20 -6.00777e+01 8.06860e-01 1.95778e+00
 20    21 -6.64645e+01 7.97085e-01 1.92024e+00
 21    22 -6.77815e+01 7.87153e-01 1.88198e+00
 22    23 -7.13159e+01 7.77158e-01 1.84650e+00
 23    24 -7.13925e+01 7.67505e-01 1.81233e+00
 24    25 -6.90243e+01 7.57898e-01 1.77616e+00
 25    26 -6.84914e+01 7.48054e-01 1.73087e+00
 26    27 -6.86854e+01 7.37939e-01 1.67614e+00
 27    28 -7.09757e+01 7.27731e-01 1.61782e+00
 28    29 -6.82363e+01 7.17289e-01 1.56039e+00
 29    30 -7.09255e+01 7.06493e-01 1.50873e+00
