i, epoch, loss, l2_err, h1_err
  0     1 -1.25744e+01 9.64285e-01 1.27876e+00
  1     2 -2.20767e+01 9.34930e-01 1.36863e+00
  2     3 -3.24719e+01 9.07577e-01 1.53896e+00
  3     4 -4.06741e+01 8.84046e-01 1.74701e+00
  4     5 -4.77462e+01 8.63754e-01 1.95643e+00
  5     6 -4.99974e+01 8.46554e-01 2.11021e+00
  6     7 -5.42349e+01 8.34489e-01 2.19395e+00
  7     8 -5.76272e+01 8.22437e-01 2.21824e+00
  8     9 -6.06972e+01 8.14022e-01 2.19365e+00
  9    10 -6.18524e+01 8.06187e-01 2.14153e+00
 10    11 -6.43122e+01 7.97312e-01 2.08280e+00
 11    12 -6.07468e+01 7.85942e-01 2.04830e+00
 12    13 -6.51882e+01 7.84763e-01 2.01462e+00
 13    14 -6.69319e+01 7.71116e-01 1.98200e+00
 14    15 -6.86332e+01 7.56637e-01 1.93306e+00
 15    16 -6.98807e+01 7.58873e-01 1.86077e+00
 16    17 -6.58573e+01 7.31272e-01 1.80710e+00
 17    18 -6.57097e+01 7.21249e-01 1.74052e+00
 18    19 -7.22141e+01 7.20685e-01 1.67434e+00
 19    20 -6.89099e+01 7.02426e-01 1.62390e+00
 20    21 -6.93573e+01 6.90319e-01 1.56677e+00
 21    22 -7.03822e+01 6.87024e-01 1.50632e+00
 22    23 -6.94589e+01 6.72732e-01 1.46794e+00
 23    24 -7.01869e+01 6.61073e-01 1.43035e+00
 24    25 -6.76479e+01 6.56040e-01 1.37878e+00
 25    26 -7.07458e+01 6.44625e-01 1.33584e+00
 26    27 -6.80756e+01 6.37997e-01 1.29735e+00
 27    28 -6.94156e+01 6.37690e-01 1.26482e+00
 28    29 -7.26193e+01 6.27297e-01 1.25385e+00
 29    30 -7.13932e+01 6.22096e-01 1.23494e+00
