i, epoch, loss, l2_err, h1_err
  0     1 -1.06222e+00 9.54479e-01 1.30900e+00
  1     2 -1.12361e+01 9.21818e-01 1.29346e+00
  2     3 -1.95372e+01 8.91851e-01 1.30788e+00
  3     4 -2.74139e+01 8.62810e-01 1.34041e+00
  4     5 -3.35070e+01 8.34750e-01 1.37141e+00
  5     6 -3.76598e+01 8.07115e-01 1.39608e+00
  6     7 -4.38493e+01 7.79575e-01 1.41083e+00
  7     8 -4.98396e+01 7.51884e-01 1.40974e+00
  8     9 -5.10238e+01 7.23569e-01 1.39553e+00
  9    10 -5.47585e+01 6.95144e-01 1.36753e+00
 10    11 -5.95325e+01 6.66727e-01 1.32780e+00
 11    12 -6.23683e+01 6.38781e-01 1.27763e+00
 12    13 -6.82898e+01 6.11415e-01 1.21912e+00
 13    14 -6.45013e+01 5.84713e-01 1.15939e+00
 14    15 -6.65654e+01 5.58565e-01 1.10229e+00
 15    16 -6.80751e+01 5.33216e-01 1.04986e+00
 16    17 -7.02383e+01 5.08847e-01 1.00318e+00
 17    18 -7.20241e+01 4.85575e-01 9.62090e-01
 18    19 -7.24635e+01 4.63209e-01 9.24669e-01
 19    20 -7.10344e+01 4.41737e-01 8.90089e-01
 20    21 -6.71495e+01 4.20835e-01 8.56804e-01
 21    22 -6.80499e+01 4.00706e-01 8.24817e-01
 22    23 -7.18944e+01 3.80917e-01 7.93621e-01
 23    24 -7.37739e+01 3.61362e-01 7.63465e-01
 24    25 -6.85340e+01 3.41960e-01 7.34054e-01
 25    26 -7.26397e+01 3.22736e-01 7.05044e-01
 26    27 -6.93710e+01 3.04005e-01 6.76316e-01
 27    28 -7.21398e+01 2.85708e-01 6.47136e-01
 28    29 -7.18054e+01 2.67994e-01 6.18196e-01
 29    30 -7.00221e+01 2.50858e-01 5.89192e-01
 30    31 -7.16508e+01 2.34414e-01 5.59339e-01
 31    32 -7.13460e+01 2.18703e-01 5.30146e-01
 32    33 -7.24973e+01 2.03743e-01 5.01993e-01
 33    34 -7.16597e+01 1.89597e-01 4.75512e-01
 34    35 -7.08500e+01 1.76215e-01 4.51396e-01
 35    36 -7.01213e+01 1.63493e-01 4.29753e-01
 36    37 -6.91619e+01 1.51209e-01 4.09064e-01
 37    38 -7.16926e+01 1.39135e-01 3.88551e-01
 38    39 -7.25732e+01 1.27127e-01 3.68288e-01
 39    40 -6.85529e+01 1.15361e-01 3.48592e-01
 40    41 -7.18258e+01 1.04080e-01 3.29902e-01
 41    42 -7.19254e+01 9.32827e-02 3.11085e-01
 42    43 -7.69153e+01 8.31359e-02 2.90322e-01
 43    44 -7.44131e+01 7.37360e-02 2.68769e-01
 44    45 -7.27777e+01 6.50216e-02 2.48113e-01
 45    46 -7.15989e+01 5.74059e-02 2.29801e-01
 46    47 -7.21463e+01 5.07766e-02 2.12853e-01
 47    48 -7.53897e+01 4.55280e-02 1.98529e-01
 48    49 -7.40942e+01 4.16000e-02 1.86126e-01
 49    50 -7.37030e+01 3.94673e-02 1.77518e-01
 50    51 -7.22375e+01 3.87031e-02 1.71777e-01
 51    52 -7.59520e+01 3.88431e-02 1.68268e-01
 52    53 -7.31952e+01 3.96349e-02 1.64992e-01
 53    54 -7.25818e+01 4.07200e-02 1.61304e-01
 54    55 -7.61100e+01 4.16948e-02 1.57899e-01
 55    56 -7.58650e+01 4.26248e-02 1.53842e-01
 56    57 -7.00383e+01 4.34709e-02 1.47450e-01
 57    58 -7.25882e+01 4.44034e-02 1.41892e-01
 58    59 -7.52444e+01 4.56375e-02 1.39219e-01
 59    60 -7.12587e+01 4.67599e-02 1.36476e-01
 60    61 -7.49783e+01 4.75156e-02 1.29909e-01
 61    62 -7.15395e+01 4.81355e-02 1.23798e-01
 62    63 -7.53502e+01 4.84111e-02 1.19541e-01
 63    64 -7.03809e+01 4.85981e-02 1.16376e-01
 64    66 -7.68950e+01 4.88941e-02 1.11877e-01
 65    67 -7.35678e+01 4.84684e-02 1.09899e-01
 66    68 -7.29553e+01 4.79892e-02 1.09770e-01
 67    69 -7.02233e+01 4.68832e-02 1.08545e-01
 68    70 -7.48020e+01 4.53519e-02 1.07454e-01
 69    71 -7.41724e+01 4.36926e-02 1.04479e-01
 70    73 -7.44268e+01 4.01664e-02 1.00400e-01
 71    74 -7.11615e+01 3.82817e-02 9.74040e-02
 72    75 -7.35408e+01 3.63296e-02 9.33980e-02
 73    77 -7.21333e+01 3.32708e-02 1.00707e-01
 74    78 -7.09137e+01 3.13760e-02 9.86537e-02
 75    79 -7.86150e+01 2.87495e-02 8.67717e-02
 76    81 -7.27305e+01 2.48828e-02 8.43668e-02
 77    82 -7.37316e+01 2.28030e-02 8.66635e-02
 78    84 -7.41277e+01 1.57229e-02 6.01973e-02
 79    85 -7.51052e+01 1.36060e-02 6.07513e-02
 80    87 -7.25780e+01 1.09426e-02 6.25365e-02
 81    88 -7.42386e+01 1.00185e-02 5.93453e-02
 82    90 -6.96413e+01 1.06665e-02 6.32975e-02
 83    91 -7.36123e+01 1.15719e-02 6.62564e-02
 84    93 -7.48660e+01 1.23338e-02 6.02974e-02
 85    94 -7.40946e+01 1.21675e-02 5.79664e-02
 86    96 -7.32943e+01 1.31182e-02 6.63629e-02
 87    98 -7.14926e+01 1.44326e-02 7.17725e-02
 88   100 -7.41014e+01 1.31282e-02 6.33266e-02
 89   101 -7.69132e+01 1.34231e-02 6.89150e-02
 90   103 -7.12214e+01 1.21572e-02 6.36159e-02
 91   105 -7.37071e+01 1.11839e-02 6.47875e-02
 92   107 -7.39356e+01 1.16495e-02 7.05269e-02
 93   109 -7.76368e+01 8.84903e-03 4.95428e-02
 94   110 -7.39543e+01 8.96606e-03 5.68378e-02
 95   112 -7.42642e+01 8.91318e-03 6.36538e-02
 96   114 -7.83503e+01 1.01960e-02 6.44361e-02
 97   116 -7.53449e+01 1.06163e-02 6.79948e-02
 98   118 -7.03486e+01 8.71044e-03 5.76094e-02
 99   120 -7.35012e+01 9.87665e-03 6.48792e-02
100   123 -6.82802e+01 9.87297e-03 6.43501e-02
101   125 -7.49902e+01 9.68126e-03 6.63020e-02
102   127 -7.31967e+01 1.01812e-02 7.65953e-02
103   129 -7.28924e+01 8.94394e-03 6.17560e-02
104   131 -7.15703e+01 1.05874e-02 7.20997e-02
105   134 -7.21067e+01 1.12575e-02 7.35818e-02
106   136 -7.61814e+01 1.08897e-02 7.20396e-02
107   138 -7.47419e+01 1.12213e-02 7.24136e-02
108   141 -7.60543e+01 9.98380e-03 6.91990e-02
109   143 -7.58327e+01 1.12119e-02 7.05392e-02
110   146 -7.42558e+01 9.86149e-03 7.08927e-02
111   148 -7.16425e+01 1.01917e-02 6.84768e-02
112   151 -7.25136e+01 8.31628e-03 5.41181e-02
113   154 -7.20090e+01 8.24363e-03 5.53992e-02
114   156 -7.25343e+01 8.76329e-03 5.81035e-02
115   159 -7.53694e+01 7.85460e-03 4.95062e-02
116   162 -7.36510e+01 7.23850e-03 4.54035e-02
117   165 -7.25460e+01 7.05324e-03 4.70592e-02
118   168 -7.66106e+01 7.94229e-03 5.47626e-02
119   171 -7.34161e+01 5.40314e-03 3.61106e-02
120   174 -7.34297e+01 6.76131e-03 5.07362e-02
121   177 -7.05416e+01 7.02116e-03 4.37627e-02
122   180 -7.11744e+01 7.35142e-03 4.44897e-02
123   183 -7.51323e+01 8.07306e-03 5.42014e-02
124   186 -7.36415e+01 6.92340e-03 4.51587e-02
125   189 -7.32547e+01 7.22466e-03 4.56814e-02
126   193 -7.34521e+01 7.53815e-03 4.81995e-02
127   196 -7.56185e+01 6.78697e-03 4.30981e-02
128   199 -7.11503e+01 7.09476e-03 4.82835e-02
129   203 -7.35359e+01 6.59708e-03 4.61399e-02
130   206 -7.67315e+01 7.15725e-03 5.01168e-02
131   210 -7.29341e+01 8.48809e-03 5.78833e-02
132   214 -7.33592e+01 6.00099e-03 4.48509e-02
133   217 -7.20141e+01 6.37431e-03 4.29877e-02
134   221 -7.31059e+01 5.44089e-03 3.93650e-02
135   225 -7.44605e+01 7.18419e-03 4.53854e-02
136   229 -7.28887e+01 5.73512e-03 4.30822e-02
137   233 -7.46592e+01 7.99801e-03 5.44023e-02
138   237 -7.12638e+01 8.23455e-03 5.42865e-02
139   241 -7.26678e+01 9.58881e-03 6.39269e-02
140   246 -7.41528e+01 1.05319e-02 7.12670e-02
141   250 -7.03615e+01 6.86512e-03 4.51748e-02
142   254 -7.21181e+01 8.60526e-03 5.42202e-02
143   259 -7.04045e+01 6.26979e-03 3.79566e-02
144   263 -7.83221e+01 8.01828e-03 4.78133e-02
145   268 -7.35858e+01 8.10332e-03 5.19536e-02
146   272 -7.38843e+01 8.79553e-03 5.20217e-02
147   277 -7.26309e+01 8.61810e-03 5.53188e-02
148   282 -7.24141e+01 7.11662e-03 4.72566e-02
149   287 -7.00690e+01 7.04840e-03 4.82536e-02
150   292 -7.32763e+01 6.93126e-03 4.79706e-02
151   297 -7.28722e+01 6.01848e-03 4.79501e-02
152   302 -7.42755e+01 6.12829e-03 4.51475e-02
153   308 -6.95446e+01 5.92067e-03 3.93625e-02
154   313 -6.89490e+01 5.25083e-03 3.97320e-02
155   318 -7.43065e+01 5.76347e-03 3.80875e-02
156   324 -7.29669e+01 5.17594e-03 3.63274e-02
157   330 -6.88764e+01 4.59868e-03 3.32311e-02
158   335 -7.52621e+01 4.56797e-03 3.29501e-02
159   341 -7.40920e+01 4.94428e-03 3.44273e-02
160   347 -7.22103e+01 5.25261e-03 3.68871e-02
161   353 -7.45106e+01 5.92199e-03 3.95761e-02
162   360 -7.25411e+01 6.06227e-03 3.73312e-02
163   366 -7.36531e+01 4.86026e-03 3.28297e-02
164   372 -7.37099e+01 4.46973e-03 2.96647e-02
165   379 -7.48962e+01 5.89889e-03 4.05450e-02
166   385 -7.55580e+01 6.13488e-03 4.19807e-02
167   392 -7.21506e+01 5.28886e-03 3.89306e-02
168   399 -7.51466e+01 6.93548e-03 4.83395e-02
169   406 -7.14906e+01 5.70867e-03 4.33990e-02
170   413 -7.35474e+01 5.18369e-03 3.85922e-02
171   420 -7.21604e+01 5.18755e-03 3.81499e-02
172   428 -7.31371e+01 6.08505e-03 4.68614e-02
173   435 -7.31900e+01 5.52438e-03 4.30684e-02
174   443 -7.48433e+01 5.41735e-03 3.88563e-02
175   450 -7.29384e+01 5.89002e-03 3.97427e-02
176   458 -7.36609e+01 5.74952e-03 3.93839e-02
177   466 -7.39036e+01 6.15347e-03 4.36048e-02
178   474 -7.16807e+01 5.86793e-03 4.24126e-02
179   483 -7.56532e+01 6.36291e-03 4.45980e-02
180   491 -7.25679e+01 5.68299e-03 4.00664e-02
181   500 -7.62851e+01 6.28341e-03 4.14336e-02
182   509 -7.28675e+01 4.77331e-03 3.26358e-02
183   517 -7.62574e+01 4.24568e-03 2.84495e-02
184   526 -7.10640e+01 4.65926e-03 3.34261e-02
185   536 -7.20840e+01 3.55080e-03 2.74061e-02
186   545 -7.11087e+01 4.39448e-03 3.19943e-02
187   555 -7.46004e+01 4.77675e-03 3.34395e-02
188   564 -7.41961e+01 3.21952e-03 2.59956e-02
189   574 -6.89667e+01 4.16804e-03 2.91176e-02
190   584 -7.41967e+01 3.99813e-03 2.75878e-02
191   594 -7.28282e+01 4.19202e-03 2.71210e-02
192   605 -7.48761e+01 4.15218e-03 3.36193e-02
193   615 -7.25993e+01 4.58936e-03 3.23565e-02
194   626 -7.19831e+01 4.19071e-03 3.18817e-02
195   637 -7.44950e+01 3.16539e-03 2.59883e-02
196   648 -7.21230e+01 3.85967e-03 2.73607e-02
197   660 -7.34588e+01 5.29325e-03 3.42658e-02
198   671 -7.24159e+01 4.84202e-03 3.44984e-02
199   683 -7.47349e+01 3.87764e-03 3.04071e-02
200   695 -7.44851e+01 5.03490e-03 3.39771e-02
201   707 -7.47709e+01 3.72288e-03 2.69662e-02
202   719 -7.19763e+01 4.10793e-03 2.78080e-02
203   732 -7.21243e+01 4.50627e-03 3.01225e-02
204   745 -7.56983e+01 3.53690e-03 2.71911e-02
205   758 -7.50698e+01 3.01451e-03 2.30394e-02
206   771 -7.13509e+01 2.74796e-03 2.23368e-02
207   784 -7.32950e+01 3.25064e-03 2.44030e-02
208   798 -7.41008e+01 3.28003e-03 2.41897e-02
209   812 -7.47623e+01 2.82602e-03 2.25038e-02
210   826 -7.15950e+01 3.22522e-03 2.43558e-02
211   841 -7.24796e+01 3.09198e-03 2.21701e-02
212   855 -7.50506e+01 3.76889e-03 2.58919e-02
213   870 -7.52594e+01 3.67210e-03 2.39140e-02
214   885 -7.46613e+01 3.70779e-03 2.40164e-02
215   901 -7.63835e+01 3.12188e-03 2.50073e-02
216   917 -7.14020e+01 3.83827e-03 2.89873e-02
217   933 -7.27580e+01 3.24850e-03 2.55756e-02
218   949 -7.52217e+01 2.97407e-03 2.48130e-02
219   965 -7.20126e+01 3.90124e-03 2.88272e-02
220   982 -7.54004e+01 3.36105e-03 2.43518e-02
221  1000 -7.31408e+01 2.91125e-03 2.34288e-02
