i, epoch, loss, l2_err, h1_err
  0     1 -3.45812e+00 9.49010e-01 9.70474e-01
  1     2 -1.50082e+01 8.81376e-01 9.28413e-01
  2     3 -2.22207e+01 8.15766e-01 8.95872e-01
  3     4 -2.81478e+01 7.55376e-01 8.62327e-01
  4     5 -3.29477e+01 7.04150e-01 8.25991e-01
  5     6 -3.96742e+01 6.69212e-01 7.94614e-01
  6     7 -4.59117e+01 6.59031e-01 7.79799e-01
  7     8 -5.19893e+01 6.71821e-01 7.86125e-01
  8     9 -5.64121e+01 6.90875e-01 8.04254e-01
  9    10 -5.81809e+01 6.98389e-01 8.18906e-01
 10    11 -6.05181e+01 6.78378e-01 8.16440e-01
 11    12 -6.07233e+01 6.30527e-01 7.95737e-01
 12    13 -6.69177e+01 5.54298e-01 7.57987e-01
 13    14 -6.57554e+01 4.62132e-01 7.11558e-01
 14    15 -6.77513e+01 3.73192e-01 6.65389e-01
 15    16 -6.73147e+01 3.12792e-01 6.29799e-01
 16    17 -7.01701e+01 2.84820e-01 6.09228e-01
 17    18 -6.49471e+01 2.77509e-01 6.01372e-01
 18    19 -7.21316e+01 2.88320e-01 6.03294e-01
 19    20 -7.06322e+01 2.99033e-01 6.03615e-01
 20    21 -7.05710e+01 2.86271e-01 5.90664e-01
 21    22 -6.89776e+01 2.43188e-01 5.61176e-01
 22    23 -7.40099e+01 1.97448e-01 5.26383e-01
 23    24 -6.98636e+01 1.84797e-01 4.99993e-01
 24    25 -7.10710e+01 1.87165e-01 4.85891e-01
 25    26 -7.05604e+01 1.79125e-01 4.80986e-01
 26    27 -7.14951e+01 1.75870e-01 4.83825e-01
 27    28 -7.00627e+01 1.86072e-01 4.85991e-01
 28    29 -6.93896e+01 1.86195e-01 4.76937e-01
 29    30 -6.89139e+01 1.75212e-01 4.58489e-01
 30    31 -6.78698e+01 1.69191e-01 4.39630e-01
 31    32 -6.75988e+01 1.69289e-01 4.27579e-01
 32    33 -7.18412e+01 1.71040e-01 4.24402e-01
 33    34 -7.07336e+01 1.83600e-01 4.29446e-01
 34    35 -7.10832e+01 2.05638e-01 4.36767e-01
 35    36 -7.09928e+01 2.19130e-01 4.37869e-01
 36    37 -7.26876e+01 2.15044e-01 4.29295e-01
 37    38 -7.07489e+01 1.98731e-01 4.14171e-01
 38    39 -7.13927e+01 1.81098e-01 3.98171e-01
 39    40 -6.48933e+01 1.70716e-01 3.85948e-01
 40    41 -7.27425e+01 1.72385e-01 3.79320e-01
 41    42 -7.14773e+01 1.84045e-01 3.76052e-01
 42    43 -7.21156e+01 1.96461e-01 3.72158e-01
 43    44 -7.58715e+01 1.99765e-01 3.64366e-01
 44    45 -7.09553e+01 1.88851e-01 3.51405e-01
 45    46 -6.87211e+01 1.73293e-01 3.37929e-01
 46    47 -7.24169e+01 1.61484e-01 3.27136e-01
 47    48 -7.33503e+01 1.61457e-01 3.21802e-01
 48    49 -7.46723e+01 1.72364e-01 3.21284e-01
 49    50 -7.03841e+01 1.80727e-01 3.22666e-01
 50    51 -7.17468e+01 1.88540e-01 3.24415e-01
 51    52 -7.31292e+01 1.92697e-01 3.25412e-01
 52    53 -7.35631e+01 1.93007e-01 3.25587e-01
 53    54 -7.44310e+01 1.88858e-01 3.24582e-01
 54    55 -7.07181e+01 1.82388e-01 3.23255e-01
 55    56 -7.25707e+01 1.76518e-01 3.22540e-01
 56    57 -7.12764e+01 1.73956e-01 3.23058e-01
 57    58 -7.13259e+01 1.73373e-01 3.24037e-01
 58    59 -7.39907e+01 1.76045e-01 3.26011e-01
 59    60 -7.55048e+01 1.80598e-01 3.28458e-01
 60    61 -7.36541e+01 1.85333e-01 3.30762e-01
 61    62 -7.41432e+01 1.88157e-01 3.32267e-01
 62    63 -7.33488e+01 1.89660e-01 3.33295e-01
 63    64 -6.68576e+01 1.87912e-01 3.33017e-01
 64    66 -7.01961e+01 1.82346e-01 3.30882e-01
 65    67 -6.89042e+01 1.78038e-01 3.29052e-01
 66    68 -7.30429e+01 1.73434e-01 3.26926e-01
 67    69 -7.15979e+01 1.71726e-01 3.25763e-01
 68    70 -7.14010e+01 1.71995e-01 3.25181e-01
 69    71 -7.10119e+01 1.72063e-01 3.24358e-01
 70    73 -7.19179e+01 1.71973e-01 3.22795e-01
 71    74 -7.30257e+01 1.70050e-01 3.21342e-01
 72    75 -7.69286e+01 1.67750e-01 3.19851e-01
 73    77 -7.56260e+01 1.63677e-01 3.17010e-01
 74    78 -7.01248e+01 1.62582e-01 3.16111e-01
 75    79 -7.40264e+01 1.61003e-01 3.15104e-01
 76    81 -7.26011e+01 1.56922e-01 3.12863e-01
 77    82 -6.92569e+01 1.54518e-01 3.11618e-01
 78    84 -7.62066e+01 1.54039e-01 3.10937e-01
 79    85 -7.22458e+01 1.55290e-01 3.11103e-01
 80    87 -6.70732e+01 1.54631e-01 3.10144e-01
 81    88 -7.28617e+01 1.53667e-01 3.09388e-01
 82    90 -7.19575e+01 1.54323e-01 3.08993e-01
 83    91 -7.36618e+01 1.55124e-01 3.08918e-01
 84    93 -7.28792e+01 1.52703e-01 3.07512e-01
 85    94 -7.27673e+01 1.51058e-01 3.06642e-01
 86    96 -7.24304e+01 1.47916e-01 3.04717e-01
 87    98 -6.96037e+01 1.51392e-01 3.04682e-01
 88   100 -6.73914e+01 1.52356e-01 3.03419e-01
 89   101 -7.37157e+01 1.48502e-01 3.01338e-01
 90   103 -7.11998e+01 1.44399e-01 2.98498e-01
 91   105 -6.96084e+01 1.47346e-01 2.97778e-01
 92   107 -7.10983e+01 1.51570e-01 2.97695e-01
 93   109 -7.21211e+01 1.48336e-01 2.95229e-01
 94   110 -7.15717e+01 1.45897e-01 2.93892e-01
 95   112 -7.39757e+01 1.44446e-01 2.92687e-01
 96   114 -7.51467e+01 1.43189e-01 2.91354e-01
 97   116 -7.09750e+01 1.49013e-01 2.92102e-01
 98   118 -7.41110e+01 1.47776e-01 2.90729e-01
 99   120 -7.00527e+01 1.40797e-01 2.87184e-01
100   123 -7.39345e+01 1.43593e-01 2.85212e-01
101   125 -7.10721e+01 1.44686e-01 2.83608e-01
102   127 -7.20736e+01 1.39662e-01 2.80483e-01
103   129 -7.17006e+01 1.37010e-01 2.78415e-01
104   131 -7.11009e+01 1.38849e-01 2.77569e-01
105   134 -7.15438e+01 1.40557e-01 2.76386e-01
106   136 -7.15183e+01 1.37867e-01 2.75115e-01
107   138 -7.00362e+01 1.36106e-01 2.74192e-01
108   141 -7.11524e+01 1.41856e-01 2.74975e-01
109   143 -7.49412e+01 1.37885e-01 2.73279e-01
110   146 -7.39420e+01 1.33588e-01 2.70062e-01
111   148 -7.41516e+01 1.42674e-01 2.71086e-01
112   151 -7.00998e+01 1.31178e-01 2.66193e-01
113   154 -7.30839e+01 1.26913e-01 2.63523e-01
114   156 -7.09786e+01 1.33231e-01 2.64152e-01
115   159 -7.19398e+01 1.34232e-01 2.63178e-01
116   162 -7.18487e+01 1.28786e-01 2.61109e-01
117   165 -6.92689e+01 1.30777e-01 2.61019e-01
118   168 -7.17022e+01 1.33848e-01 2.61112e-01
119   171 -7.25390e+01 1.32258e-01 2.60104e-01
120   174 -6.97252e+01 1.26710e-01 2.58252e-01
121   177 -7.46637e+01 1.32799e-01 2.59138e-01
122   180 -7.51099e+01 1.29318e-01 2.57348e-01
123   183 -7.21103e+01 1.28654e-01 2.56235e-01
124   186 -7.29098e+01 1.25750e-01 2.54076e-01
125   189 -7.17159e+01 1.27033e-01 2.52879e-01
126   193 -6.93172e+01 1.24200e-01 2.50673e-01
127   196 -7.23157e+01 1.27825e-01 2.50859e-01
128   199 -7.21839e+01 1.26283e-01 2.49852e-01
129   203 -7.45003e+01 1.21014e-01 2.47501e-01
130   206 -7.12979e+01 1.27198e-01 2.48101e-01
131   210 -7.35851e+01 1.19672e-01 2.44698e-01
132   214 -6.82669e+01 1.22783e-01 2.44009e-01
133   217 -7.05984e+01 1.25250e-01 2.43753e-01
134   221 -7.38357e+01 1.20339e-01 2.41988e-01
135   225 -6.90516e+01 1.21218e-01 2.41169e-01
136   229 -7.07296e+01 1.19980e-01 2.39141e-01
137   233 -7.15929e+01 1.19771e-01 2.37327e-01
138   237 -7.20920e+01 1.14523e-01 2.34571e-01
139   241 -7.03901e+01 1.20335e-01 2.34940e-01
140   246 -6.93101e+01 1.12771e-01 2.32512e-01
141   250 -7.23296e+01 1.22667e-01 2.33544e-01
142   254 -7.37259e+01 1.10135e-01 2.29706e-01
143   259 -7.13043e+01 1.18720e-01 2.29841e-01
144   263 -7.10790e+01 1.08753e-01 2.25488e-01
145   268 -6.97876e+01 1.14885e-01 2.25255e-01
146   272 -7.42448e+01 1.10692e-01 2.24263e-01
147   277 -7.43329e+01 1.12871e-01 2.23569e-01
148   282 -6.90817e+01 1.14095e-01 2.21426e-01
149   287 -6.98824e+01 1.03919e-01 2.17473e-01
150   292 -7.30002e+01 1.10132e-01 2.16764e-01
151   297 -7.46843e+01 1.13975e-01 2.16900e-01
152   302 -7.26944e+01 1.03797e-01 2.13847e-01
153   308 -7.41481e+01 1.08480e-01 2.13187e-01
154   313 -7.35112e+01 1.04859e-01 2.11318e-01
155   318 -7.22873e+01 1.03956e-01 2.09869e-01
156   324 -6.96644e+01 1.05114e-01 2.08692e-01
157   330 -7.38240e+01 1.02144e-01 2.07312e-01
158   335 -7.37548e+01 1.05729e-01 2.08089e-01
159   341 -7.03048e+01 1.02113e-01 2.06466e-01
160   347 -7.13494e+01 1.01269e-01 2.04749e-01
161   353 -7.24945e+01 1.02398e-01 2.03381e-01
162   360 -6.94694e+01 1.00806e-01 2.01838e-01
163   366 -7.25514e+01 9.73069e-02 2.00286e-01
164   372 -7.30852e+01 9.81422e-02 2.00044e-01
165   379 -7.25685e+01 9.74233e-02 1.98677e-01
166   385 -7.09772e+01 9.62196e-02 1.97036e-01
167   392 -7.39647e+01 9.63622e-02 1.96068e-01
168   399 -7.40380e+01 9.58818e-02 1.95366e-01
169   406 -7.23781e+01 9.62867e-02 1.94174e-01
170   413 -7.33386e+01 9.57647e-02 1.93361e-01
171   420 -7.64262e+01 9.38222e-02 1.92343e-01
172   428 -7.08420e+01 9.42579e-02 1.90789e-01
173   435 -7.21014e+01 9.37485e-02 1.89907e-01
174   443 -7.30165e+01 9.09119e-02 1.88546e-01
175   450 -6.96199e+01 9.40645e-02 1.87542e-01
176   458 -7.34207e+01 9.04569e-02 1.85600e-01
177   466 -7.32942e+01 9.16238e-02 1.85146e-01
178   474 -7.11972e+01 8.67809e-02 1.83485e-01
179   483 -7.24241e+01 8.77600e-02 1.82485e-01
180   491 -7.52422e+01 8.78217e-02 1.81664e-01
181   500 -7.19201e+01 8.70124e-02 1.81054e-01
182   509 -7.40657e+01 8.69157e-02 1.80583e-01
183   517 -7.06896e+01 8.74391e-02 1.80058e-01
184   526 -7.34642e+01 8.78506e-02 1.79836e-01
185   536 -7.47728e+01 8.53374e-02 1.78385e-01
186   545 -7.03357e+01 8.63278e-02 1.77777e-01
187   555 -7.50928e+01 8.86686e-02 1.77607e-01
188   564 -7.14778e+01 8.39038e-02 1.76398e-01
189   574 -7.24384e+01 8.13538e-02 1.75372e-01
190   584 -6.78567e+01 8.39983e-02 1.75313e-01
191   594 -7.21066e+01 8.54403e-02 1.75716e-01
192   605 -7.12925e+01 8.40714e-02 1.74665e-01
193   615 -7.23024e+01 8.14717e-02 1.73263e-01
194   626 -6.60493e+01 8.21376e-02 1.72968e-01
195   637 -7.12038e+01 8.11071e-02 1.72523e-01
196   648 -7.39726e+01 8.21023e-02 1.72316e-01
197   660 -7.24146e+01 8.23024e-02 1.71540e-01
198   671 -7.68353e+01 8.09756e-02 1.70740e-01
199   683 -7.52297e+01 8.04666e-02 1.70109e-01
200   695 -7.15403e+01 7.91461e-02 1.69653e-01
201   707 -7.19338e+01 7.84623e-02 1.68580e-01
202   719 -7.21652e+01 7.61477e-02 1.67492e-01
203   732 -7.46569e+01 7.77431e-02 1.67702e-01
204   745 -7.55509e+01 7.98278e-02 1.67589e-01
205   758 -7.02419e+01 7.95679e-02 1.67324e-01
206   771 -6.90080e+01 7.83245e-02 1.66849e-01
207   784 -6.97470e+01 7.87489e-02 1.66533e-01
208   798 -7.07368e+01 7.89659e-02 1.66270e-01
209   812 -7.00241e+01 7.71761e-02 1.65756e-01
210   826 -7.57635e+01 7.78387e-02 1.65498e-01
211   841 -7.06489e+01 7.73441e-02 1.64985e-01
212   855 -7.22291e+01 7.81540e-02 1.64938e-01
213   870 -7.34128e+01 7.93867e-02 1.64935e-01
214   885 -7.00092e+01 7.95086e-02 1.64451e-01
215   901 -7.07366e+01 7.86704e-02 1.63843e-01
216   917 -7.37170e+01 7.79833e-02 1.63729e-01
217   933 -7.21261e+01 7.66910e-02 1.63474e-01
218   949 -7.44526e+01 7.56626e-02 1.62882e-01
219   965 -7.16383e+01 7.64476e-02 1.62313e-01
220   982 -6.91450e+01 7.57708e-02 1.62003e-01
221  1000 -6.98407e+01 7.61590e-02 1.61893e-01
