i, epoch, loss, l2_err, h1_err
  0     1 -5.63740e-01 9.79060e-01 1.17257e+00
  1     2 -1.20731e+01 9.57691e-01 1.13240e+00
  2     3 -1.93742e+01 9.37451e-01 1.13237e+00
  3     4 -2.72744e+01 9.17813e-01 1.15629e+00
  4     5 -3.34662e+01 8.94689e-01 1.19437e+00
  5     6 -3.90224e+01 8.65172e-01 1.22276e+00
  6     7 -4.42752e+01 8.35322e-01 1.25540e+00
  7     8 -4.68747e+01 8.05763e-01 1.28244e+00
  8     9 -5.23098e+01 7.75504e-01 1.30122e+00
  9    10 -5.79705e+01 7.45098e-01 1.31145e+00
 10    11 -5.86340e+01 7.15302e-01 1.30973e+00
 11    12 -6.18525e+01 6.86935e-01 1.29633e+00
 12    13 -6.11578e+01 6.60726e-01 1.27351e+00
 13    14 -6.70631e+01 6.35511e-01 1.24334e+00
 14    15 -6.69244e+01 6.09926e-01 1.20804e+00
 15    16 -6.81270e+01 5.83084e-01 1.16940e+00
 16    17 -7.01381e+01 5.56990e-01 1.13202e+00
 17    18 -7.03197e+01 5.32679e-01 1.09663e+00
 18    19 -6.87454e+01 5.10668e-01 1.06407e+00
 19    20 -7.24118e+01 4.90920e-01 1.03545e+00
 20    21 -7.31268e+01 4.71965e-01 1.01062e+00
 21    22 -6.88824e+01 4.52764e-01 9.85091e-01
 22    23 -6.83033e+01 4.32900e-01 9.56387e-01
 23    24 -6.93831e+01 4.12335e-01 9.22944e-01
 24    25 -7.30510e+01 3.92045e-01 8.85836e-01
 25    26 -7.08665e+01 3.72746e-01 8.47486e-01
 26    27 -7.15530e+01 3.54496e-01 8.10041e-01
 27    28 -7.06966e+01 3.36372e-01 7.75400e-01
 28    29 -7.60459e+01 3.17906e-01 7.44279e-01
 29    30 -7.20509e+01 2.98714e-01 7.14015e-01
 30    31 -7.10552e+01 2.79627e-01 6.83025e-01
 31    32 -7.23083e+01 2.61624e-01 6.53251e-01
 32    33 -6.47528e+01 2.44576e-01 6.23933e-01
 33    34 -6.98779e+01 2.26926e-01 5.93391e-01
 34    35 -7.25437e+01 2.08850e-01 5.61001e-01
 35    36 -7.25827e+01 1.89309e-01 5.24517e-01
 36    37 -7.24480e+01 1.70687e-01 4.88239e-01
 37    38 -7.22322e+01 1.53405e-01 4.52721e-01
 38    39 -6.86479e+01 1.37599e-01 4.19286e-01
 39    40 -7.25822e+01 1.23292e-01 3.88284e-01
 40    41 -7.16308e+01 1.10203e-01 3.60116e-01
 41    42 -7.49278e+01 9.77924e-02 3.34327e-01
 42    43 -6.92517e+01 8.61845e-02 3.12605e-01
 43    44 -7.20405e+01 7.65591e-02 2.96779e-01
 44    45 -7.02660e+01 6.86513e-02 2.85128e-01
 45    46 -6.98063e+01 6.21248e-02 2.75876e-01
 46    47 -6.96865e+01 5.73729e-02 2.65976e-01
 47    48 -6.95733e+01 5.38744e-02 2.55395e-01
 48    49 -6.85960e+01 5.21598e-02 2.44291e-01
 49    50 -6.98472e+01 5.19134e-02 2.38764e-01
 50    51 -7.19404e+01 5.20305e-02 2.33229e-01
 51    52 -7.01438e+01 5.22418e-02 2.27808e-01
 52    53 -7.28989e+01 5.22527e-02 2.22158e-01
 53    54 -6.98305e+01 5.18109e-02 2.16507e-01
 54    55 -7.60579e+01 5.11813e-02 2.10940e-01
 55    56 -7.11667e+01 5.04200e-02 2.05540e-01
 56    57 -7.40860e+01 5.01296e-02 2.00876e-01
 57    58 -7.13226e+01 5.05724e-02 1.96790e-01
 58    59 -7.09008e+01 5.17840e-02 1.93220e-01
 59    60 -7.12812e+01 5.33058e-02 1.90696e-01
 60    61 -7.30703e+01 5.49274e-02 1.88969e-01
 61    62 -7.03099e+01 5.62759e-02 1.87617e-01
 62    63 -7.18479e+01 5.72730e-02 1.85740e-01
 63    64 -7.52713e+01 5.79414e-02 1.83490e-01
 64    65 -7.43085e+01 5.86044e-02 1.81112e-01
 65    66 -7.21073e+01 5.94200e-02 1.78684e-01
 66    67 -7.36722e+01 6.06378e-02 1.77073e-01
 67    68 -7.35688e+01 6.20803e-02 1.76247e-01
 68    69 -7.11113e+01 6.34989e-02 1.75652e-01
 69    70 -7.23571e+01 6.55212e-02 1.76096e-01
 70    71 -7.49046e+01 6.79286e-02 1.76861e-01
 71    72 -7.41966e+01 7.01996e-02 1.77212e-01
 72    73 -7.10062e+01 7.17344e-02 1.76839e-01
 73    74 -7.27731e+01 7.29956e-02 1.76349e-01
 74    75 -6.97672e+01 7.38294e-02 1.75731e-01
 75    76 -7.17789e+01 7.42587e-02 1.74871e-01
 76    77 -7.18214e+01 7.46893e-02 1.73481e-01
 77    78 -7.14772e+01 7.60104e-02 1.72468e-01
 78    79 -7.56780e+01 7.80758e-02 1.72780e-01
 79    80 -7.08103e+01 8.07711e-02 1.74615e-01
 80    81 -7.57045e+01 8.36824e-02 1.76972e-01
 81    82 -7.57173e+01 8.67670e-02 1.79715e-01
 82    83 -6.97410e+01 8.94302e-02 1.82206e-01
 83    84 -7.25657e+01 9.13870e-02 1.83528e-01
 84    85 -7.40960e+01 9.28220e-02 1.84609e-01
 85    86 -6.94805e+01 9.39222e-02 1.85096e-01
 86    87 -7.12139e+01 9.50720e-02 1.85800e-01
 87    88 -7.32966e+01 9.65323e-02 1.87355e-01
 88    89 -7.39841e+01 9.81944e-02 1.88566e-01
 89    90 -7.21124e+01 9.98306e-02 1.89662e-01
 90    91 -7.08886e+01 1.01036e-01 1.90412e-01
 91    92 -7.42034e+01 1.02069e-01 1.90593e-01
 92    93 -7.28309e+01 1.03216e-01 1.90880e-01
 93    94 -7.29616e+01 1.04115e-01 1.91261e-01
 94    95 -7.44469e+01 1.04403e-01 1.91594e-01
 95    96 -7.16867e+01 1.05313e-01 1.92774e-01
 96    97 -7.47126e+01 1.06119e-01 1.93743e-01
 97    98 -7.31630e+01 1.06897e-01 1.94611e-01
 98   100 -7.36200e+01 1.08497e-01 1.95894e-01
