i, epoch, loss, l2_err, h1_err
  0     1 -9.27549e+00 9.74315e-01 1.73542e+00
  1     2 -1.98929e+01 9.60233e-01 1.81770e+00
  2     3 -2.84506e+01 9.47269e-01 1.95936e+00
  3     4 -3.41334e+01 9.34338e-01 2.07418e+00
  4     5 -3.69624e+01 9.20686e-01 2.13902e+00
  5     6 -4.29734e+01 9.06441e-01 2.17005e+00
  6     7 -4.69403e+01 8.91691e-01 2.17603e+00
  7     8 -5.27656e+01 8.76423e-01 2.16767e+00
  8     9 -5.13972e+01 8.60998e-01 2.14654e+00
  9    10 -5.62697e+01 8.45770e-01 2.11433e+00
 10    11 -5.98878e+01 8.30980e-01 2.07500e+00
 11    12 -6.07383e+01 8.16869e-01 2.03223e+00
 12    13 -6.07248e+01 8.03175e-01 1.98709e+00
 13    14 -6.49075e+01 7.89643e-01 1.94420e+00
 14    15 -6.07372e+01 7.76379e-01 1.90207e+00
 15    16 -6.20879e+01 7.63071e-01 1.85908e+00
 16    17 -6.78176e+01 7.49553e-01 1.81575e+00
 17    18 -6.58657e+01 7.35866e-01 1.77240e+00
 18    19 -6.72281e+01 7.22015e-01 1.72845e+00
 19    20 -6.68631e+01 7.08177e-01 1.68380e+00
 20    21 -6.77049e+01 6.94224e-01 1.63982e+00
 21    22 -6.72413e+01 6.80167e-01 1.59585e+00
 22    23 -7.03543e+01 6.66054e-01 1.55126e+00
 23    24 -6.94984e+01 6.51773e-01 1.50749e+00
 24    25 -7.03203e+01 6.37358e-01 1.46346e+00
 25    26 -7.16461e+01 6.22877e-01 1.42033e+00
 26    27 -6.78855e+01 6.08420e-01 1.37925e+00
 27    28 -7.03000e+01 5.94017e-01 1.34121e+00
 28    29 -6.68135e+01 5.79629e-01 1.30516e+00
 29    30 -7.57840e+01 5.65333e-01 1.27118e+00
 30    31 -6.78467e+01 5.51121e-01 1.23777e+00
 31    32 -7.10091e+01 5.37016e-01 1.20475e+00
 32    33 -7.14745e+01 5.22853e-01 1.17137e+00
 33    34 -7.26365e+01 5.08766e-01 1.13689e+00
 34    35 -7.35649e+01 4.94728e-01 1.10155e+00
 35    36 -7.26222e+01 4.80747e-01 1.06522e+00
 36    37 -7.18010e+01 4.66832e-01 1.02870e+00
 37    38 -6.92566e+01 4.53149e-01 9.91083e-01
 38    39 -7.03180e+01 4.39497e-01 9.52242e-01
 39    40 -7.50269e+01 4.25950e-01 9.13812e-01
 40    41 -7.22021e+01 4.12659e-01 8.75489e-01
 41    42 -7.33285e+01 3.99539e-01 8.37736e-01
 42    43 -7.55276e+01 3.86668e-01 8.00671e-01
 43    44 -7.23085e+01 3.74156e-01 7.62809e-01
 44    45 -7.30316e+01 3.61906e-01 7.24919e-01
 45    46 -7.13125e+01 3.50034e-01 6.88378e-01
 46    47 -7.19662e+01 3.38609e-01 6.54016e-01
 47    48 -7.28557e+01 3.27473e-01 6.20391e-01
 48    49 -7.57165e+01 3.16636e-01 5.88614e-01
 49    50 -7.22565e+01 3.06052e-01 5.58750e-01
 50    51 -7.39017e+01 2.95690e-01 5.31452e-01
 51    52 -7.02455e+01 2.85614e-01 5.07225e-01
 52    53 -7.18284e+01 2.75916e-01 4.84010e-01
 53    54 -7.19014e+01 2.66602e-01 4.62349e-01
 54    55 -6.85198e+01 2.57577e-01 4.40941e-01
 55    56 -7.18677e+01 2.48887e-01 4.20750e-01
 56    57 -7.53797e+01 2.40521e-01 4.02724e-01
 57    58 -7.07681e+01 2.32421e-01 3.86410e-01
 58    59 -7.05930e+01 2.24711e-01 3.72353e-01
 59    60 -6.96354e+01 2.17185e-01 3.60785e-01
 60    61 -7.30874e+01 2.09722e-01 3.48413e-01
 61    62 -7.66263e+01 2.02341e-01 3.35197e-01
 62    63 -7.02591e+01 1.95237e-01 3.22869e-01
 63    64 -7.12496e+01 1.88431e-01 3.11296e-01
 64    66 -7.33879e+01 1.75470e-01 2.98647e-01
 65    67 -7.17978e+01 1.69150e-01 2.91174e-01
 66    68 -7.07181e+01 1.63150e-01 2.80952e-01
 67    69 -7.20608e+01 1.57279e-01 2.74181e-01
 68    70 -7.08923e+01 1.51441e-01 2.67397e-01
 69    71 -7.29689e+01 1.45645e-01 2.58458e-01
 70    73 -7.23988e+01 1.34612e-01 2.38682e-01
 71    74 -7.40074e+01 1.29344e-01 2.34556e-01
 72    75 -7.30340e+01 1.24045e-01 2.32632e-01
 73    77 -7.53630e+01 1.13874e-01 2.16294e-01
 74    78 -7.63144e+01 1.08988e-01 2.06289e-01
 75    79 -7.55503e+01 1.04206e-01 1.98835e-01
 76    81 -7.29593e+01 9.52907e-02 1.98061e-01
 77    82 -7.55144e+01 9.11734e-02 1.92590e-01
 78    84 -7.20916e+01 8.35078e-02 1.86586e-01
 79    85 -7.59948e+01 7.97208e-02 1.78104e-01
 80    87 -7.41871e+01 7.19414e-02 1.64227e-01
 81    88 -7.41735e+01 6.81411e-02 1.58000e-01
 82    90 -7.26499e+01 6.12513e-02 1.57787e-01
 83    91 -7.30300e+01 5.80883e-02 1.56529e-01
 84    93 -7.35568e+01 5.18168e-02 1.48336e-01
 85    94 -7.71096e+01 4.90607e-02 1.46156e-01
 86    96 -7.30431e+01 4.39168e-02 1.46769e-01
 87    98 -7.09920e+01 3.86767e-02 1.41020e-01
 88   100 -7.25686e+01 3.41687e-02 1.50343e-01
 89   101 -7.35801e+01 3.20979e-02 1.49186e-01
 90   103 -7.43310e+01 2.86845e-02 1.51877e-01
 91   105 -6.96852e+01 2.55308e-02 1.50888e-01
 92   107 -7.41593e+01 2.23897e-02 1.44325e-01
 93   109 -7.44650e+01 1.98988e-02 1.47037e-01
 94   110 -7.52515e+01 1.83020e-02 1.37575e-01
 95   112 -7.17051e+01 1.63261e-02 1.42406e-01
 96   114 -7.15656e+01 1.52527e-02 1.46418e-01
 97   116 -7.23351e+01 1.35874e-02 1.36691e-01
 98   118 -7.30842e+01 1.26269e-02 1.44473e-01
 99   120 -7.20515e+01 1.08585e-02 1.31294e-01
100   123 -7.33844e+01 1.08784e-02 1.46105e-01
101   125 -7.60508e+01 1.06050e-02 1.47502e-01
102   127 -7.35466e+01 1.11662e-02 1.57748e-01
103   129 -7.60303e+01 1.08026e-02 1.48568e-01
104   131 -7.35299e+01 1.08611e-02 1.54124e-01
105   134 -7.22677e+01 1.12379e-02 1.52034e-01
106   136 -7.44408e+01 1.06617e-02 1.45516e-01
107   138 -7.30992e+01 1.06039e-02 1.50570e-01
108   141 -7.54689e+01 1.07504e-02 1.55621e-01
109   143 -7.38850e+01 1.08096e-02 1.54101e-01
110   146 -7.84972e+01 9.84306e-03 1.42468e-01
111   148 -7.17664e+01 1.05490e-02 1.53055e-01
112   151 -7.50762e+01 9.34855e-03 1.23374e-01
113   154 -7.21647e+01 9.07908e-03 1.18239e-01
114   156 -7.25200e+01 8.82557e-03 1.12751e-01
115   159 -7.27298e+01 8.60242e-03 1.16915e-01
116   162 -7.13609e+01 8.58954e-03 1.17611e-01
117   165 -7.00958e+01 8.57799e-03 1.16195e-01
118   168 -7.31052e+01 8.14262e-03 1.13751e-01
119   171 -7.45201e+01 8.26969e-03 1.16808e-01
120   174 -8.20166e+01 7.17636e-03 1.02097e-01
121   177 -7.64096e+01 7.95117e-03 1.11471e-01
122   180 -7.51634e+01 7.95302e-03 1.08322e-01
123   183 -7.20540e+01 8.20716e-03 1.12486e-01
124   186 -7.22992e+01 7.72462e-03 1.08204e-01
125   189 -7.14759e+01 7.55663e-03 1.07165e-01
126   193 -7.18929e+01 8.70428e-03 1.22289e-01
127   196 -7.07959e+01 8.85322e-03 1.14912e-01
128   199 -7.25126e+01 8.51463e-03 1.14173e-01
129   203 -7.20936e+01 8.62335e-03 1.17849e-01
130   206 -7.31092e+01 8.15976e-03 1.13158e-01
131   210 -7.21436e+01 8.31699e-03 1.11582e-01
132   214 -7.35891e+01 8.46128e-03 1.13672e-01
133   217 -7.32151e+01 8.17020e-03 1.13480e-01
134   221 -7.27029e+01 7.83409e-03 1.11625e-01
135   225 -7.42356e+01 8.71734e-03 1.18346e-01
136   229 -7.26603e+01 8.54382e-03 1.16108e-01
137   233 -7.03761e+01 8.19302e-03 1.19445e-01
138   237 -7.19629e+01 8.00492e-03 1.12967e-01
139   241 -7.18484e+01 8.35384e-03 1.15624e-01
140   246 -7.11123e+01 8.61880e-03 1.19111e-01
141   250 -7.22526e+01 9.00858e-03 1.23675e-01
142   254 -7.24808e+01 8.27115e-03 1.16527e-01
143   259 -7.01298e+01 8.72687e-03 1.19371e-01
144   263 -7.64300e+01 8.73042e-03 1.24998e-01
145   268 -7.37949e+01 8.28155e-03 1.11971e-01
146   272 -7.68593e+01 8.42337e-03 1.18395e-01
147   277 -7.54829e+01 8.13491e-03 1.10761e-01
148   282 -7.19927e+01 8.75244e-03 1.19343e-01
149   287 -7.10089e+01 7.55459e-03 1.03648e-01
150   292 -7.76272e+01 8.47654e-03 1.24160e-01
151   297 -7.70533e+01 8.64732e-03 1.23504e-01
152   302 -6.82051e+01 6.69911e-03 9.19187e-02
153   308 -6.98754e+01 6.74801e-03 9.50159e-02
154   313 -7.23082e+01 5.86213e-03 7.85153e-02
155   318 -7.36159e+01 5.94478e-03 7.99444e-02
156   324 -7.75775e+01 6.68461e-03 9.25816e-02
157   330 -7.20783e+01 5.97165e-03 8.21356e-02
158   335 -7.58427e+01 6.46120e-03 9.53250e-02
159   341 -7.46024e+01 6.07841e-03 8.62732e-02
160   347 -7.46131e+01 6.05632e-03 8.58904e-02
161   353 -7.32095e+01 5.83145e-03 8.29078e-02
162   360 -7.37454e+01 6.12503e-03 8.18956e-02
163   366 -7.39088e+01 6.51566e-03 8.68808e-02
164   372 -7.21160e+01 6.69022e-03 9.16466e-02
165   379 -7.42597e+01 5.94777e-03 8.83151e-02
166   385 -7.47196e+01 6.28751e-03 9.32861e-02
167   392 -6.85356e+01 6.39004e-03 9.04960e-02
168   399 -7.17944e+01 6.92724e-03 9.62004e-02
169   406 -7.21551e+01 6.39021e-03 9.13333e-02
170   413 -7.51846e+01 6.20450e-03 8.63788e-02
171   420 -7.11586e+01 6.07799e-03 8.62991e-02
172   428 -7.38806e+01 6.44453e-03 8.74173e-02
173   435 -7.72297e+01 6.39247e-03 8.83020e-02
174   443 -7.69063e+01 6.73902e-03 8.97459e-02
175   450 -7.44927e+01 6.29311e-03 8.55095e-02
176   458 -7.14864e+01 6.25308e-03 8.57764e-02
177   466 -7.03454e+01 5.99231e-03 8.50616e-02
178   474 -7.18816e+01 6.76109e-03 9.40791e-02
179   483 -7.65389e+01 7.05075e-03 1.05663e-01
180   491 -7.45001e+01 7.13477e-03 9.93593e-02
181   500 -6.92021e+01 6.59126e-03 9.46635e-02
182   509 -7.63364e+01 5.26144e-03 7.00597e-02
183   517 -7.20335e+01 4.78625e-03 6.47732e-02
184   526 -7.46471e+01 4.88039e-03 6.96905e-02
185   536 -7.12868e+01 4.67016e-03 6.60499e-02
186   545 -7.26183e+01 4.40992e-03 6.26115e-02
187   555 -6.82447e+01 4.42760e-03 6.02816e-02
188   564 -7.62363e+01 4.32534e-03 5.97999e-02
189   574 -7.50377e+01 4.37294e-03 5.97158e-02
190   584 -7.83953e+01 4.54362e-03 6.37106e-02
191   594 -7.57313e+01 4.52565e-03 6.18529e-02
192   605 -7.41746e+01 4.81039e-03 6.56504e-02
193   615 -7.20056e+01 4.55219e-03 6.20399e-02
194   626 -7.09556e+01 4.15638e-03 6.25647e-02
195   637 -7.05116e+01 4.51036e-03 6.68313e-02
196   648 -7.52756e+01 4.24049e-03 6.13200e-02
197   660 -7.10754e+01 4.58792e-03 6.25936e-02
198   671 -7.50267e+01 4.79391e-03 6.89051e-02
199   683 -7.58887e+01 4.81260e-03 6.40036e-02
200   695 -7.20887e+01 4.80873e-03 6.69347e-02
201   707 -7.40593e+01 4.77940e-03 6.92859e-02
202   719 -7.51409e+01 4.76163e-03 6.96833e-02
203   732 -7.59352e+01 4.86128e-03 6.66155e-02
204   745 -7.26934e+01 4.87255e-03 6.31607e-02
205   758 -6.99974e+01 3.55206e-03 4.57732e-02
206   771 -6.84648e+01 3.49641e-03 4.96884e-02
207   784 -7.83758e+01 3.51091e-03 5.02940e-02
208   798 -7.78964e+01 3.35662e-03 4.98156e-02
209   812 -7.49341e+01 3.47423e-03 5.06110e-02
210   826 -7.46503e+01 3.29254e-03 4.75921e-02
211   841 -7.18194e+01 3.39230e-03 5.02137e-02
212   855 -7.47403e+01 3.50459e-03 4.95868e-02
213   870 -7.48145e+01 3.64523e-03 5.18072e-02
214   885 -7.65509e+01 3.23871e-03 4.71485e-02
215   901 -7.09624e+01 3.44039e-03 4.65405e-02
216   917 -7.72115e+01 3.26849e-03 4.54813e-02
217   933 -6.98156e+01 3.37031e-03 4.91402e-02
218   949 -7.10432e+01 3.59180e-03 5.12364e-02
219   965 -7.41963e+01 3.34167e-03 4.81338e-02
220   982 -7.54599e+01 3.59392e-03 5.02972e-02
221  1000 -7.39235e+01 3.63609e-03 5.10442e-02
