i, epoch, loss, l2_err, h1_err
  0     1 -1.09105e+01 8.40345e-01 8.68974e-01
  1     2 -2.00946e+01 7.83047e-01 8.01185e-01
  2     3 -2.90575e+01 7.30653e-01 7.38087e-01
  3     4 -3.61079e+01 6.79374e-01 6.96003e-01
  4     5 -4.29140e+01 6.29645e-01 6.82532e-01
  5     6 -4.72574e+01 5.81287e-01 6.80983e-01
  6     7 -5.27020e+01 5.31125e-01 6.70054e-01
  7     8 -5.61629e+01 4.82043e-01 6.49214e-01
  8     9 -5.61952e+01 4.43394e-01 6.29334e-01
  9    10 -5.98405e+01 4.22303e-01 6.20513e-01
 10    11 -6.12720e+01 4.20034e-01 6.23854e-01
 11    12 -6.61544e+01 4.30511e-01 6.32722e-01
 12    13 -6.47787e+01 4.29249e-01 6.31952e-01
 13    14 -6.89702e+01 3.94014e-01 6.06622e-01
 14    15 -6.88358e+01 3.41756e-01 5.69012e-01
 15    16 -7.01503e+01 2.90713e-01 5.28183e-01
 16    17 -7.05014e+01 2.55365e-01 4.93063e-01
 17    18 -6.98589e+01 2.32004e-01 4.64426e-01
 18    19 -7.15045e+01 2.10874e-01 4.40951e-01
 19    20 -7.05060e+01 1.76913e-01 4.15305e-01
 20    21 -7.40738e+01 1.51288e-01 3.97045e-01
 21    22 -7.19875e+01 1.38878e-01 3.82862e-01
 22    23 -7.29885e+01 1.38828e-01 3.72499e-01
 23    24 -7.08351e+01 1.42421e-01 3.66579e-01
 24    25 -6.92625e+01 1.47685e-01 3.63589e-01
 25    26 -7.19868e+01 1.47866e-01 3.50811e-01
 26    27 -7.16530e+01 1.45807e-01 3.32423e-01
 27    28 -6.84583e+01 1.40740e-01 3.13362e-01
 28    29 -7.30742e+01 1.35473e-01 3.03207e-01
 29    30 -7.33303e+01 1.30058e-01 2.91604e-01
