i, epoch, loss, l2_err, h1_err
  0     1 -8.00180e+00 9.46258e-01 1.15123e+00
  1     2 -1.81463e+01 9.12885e-01 1.15473e+00
  2     3 -2.75088e+01 8.88271e-01 1.19214e+00
  3     4 -3.36277e+01 8.70384e-01 1.26616e+00
  4     5 -4.15787e+01 8.55245e-01 1.36440e+00
  5     6 -5.06262e+01 8.40990e-01 1.47485e+00
  6     7 -5.12568e+01 8.23062e-01 1.57734e+00
  7     8 -6.08366e+01 8.01301e-01 1.66245e+00
  8     9 -5.82065e+01 7.77236e-01 1.71094e+00
  9    10 -6.32038e+01 7.57631e-01 1.71087e+00
 10    11 -6.56862e+01 7.46141e-01 1.67968e+00
 11    12 -6.22591e+01 7.39473e-01 1.63658e+00
 12    13 -6.99788e+01 7.27541e-01 1.59564e+00
 13    14 -6.80360e+01 7.09386e-01 1.55889e+00
 14    15 -6.94227e+01 6.86713e-01 1.52488e+00
 15    16 -6.63764e+01 6.61926e-01 1.48527e+00
 16    17 -6.87069e+01 6.35673e-01 1.43748e+00
 17    18 -7.09830e+01 6.08601e-01 1.38019e+00
 18    19 -6.66826e+01 5.83444e-01 1.32325e+00
 19    20 -6.79618e+01 5.64185e-01 1.27043e+00
 20    21 -6.78714e+01 5.43685e-01 1.22308e+00
 21    22 -7.29748e+01 5.24399e-01 1.17911e+00
 22    23 -7.10552e+01 5.05185e-01 1.13911e+00
 23    24 -7.25521e+01 4.88041e-01 1.10177e+00
 24    25 -6.98808e+01 4.73576e-01 1.06499e+00
 25    26 -7.18021e+01 4.60926e-01 1.02715e+00
 26    27 -7.07775e+01 4.49835e-01 9.86548e-01
 27    28 -7.02342e+01 4.32344e-01 9.43780e-01
 28    29 -7.11653e+01 4.14326e-01 9.00396e-01
 29    30 -7.21771e+01 3.97823e-01 8.58332e-01
