i, epoch, loss, l2_err, h1_err
  0     1 -4.10768e+00 9.70307e-01 1.60753e+00
  1     2 -2.19749e+01 9.76349e-01 1.76764e+00
  2     3 -2.05595e+01 9.50916e-01 1.76116e+00
  3     4 -3.59610e+01 9.43984e-01 1.87044e+00
  4     5 -3.41893e+01 9.33883e-01 1.95620e+00
  5     6 -3.84091e+01 9.20127e-01 1.99844e+00
  6     7 -4.10115e+01 9.06026e-01 2.00728e+00
  7     8 -4.81238e+01 8.93395e-01 2.03098e+00
  8     9 -5.05284e+01 8.81484e-01 2.08348e+00
  9    10 -5.53716e+01 8.69314e-01 2.13656e+00
 10    11 -5.68329e+01 8.58772e-01 2.19216e+00
 11    12 -5.53743e+01 8.46767e-01 2.22597e+00
 12    13 -5.65602e+01 8.33517e-01 2.20655e+00
 13    14 -5.82934e+01 8.22382e-01 2.15475e+00
 14    15 -6.54965e+01 8.13173e-01 2.09763e+00
 15    16 -6.44700e+01 8.04931e-01 2.04599e+00
 16    17 -6.65914e+01 7.97504e-01 2.01518e+00
 17    18 -6.64748e+01 7.89852e-01 1.99890e+00
 18    19 -6.31714e+01 7.79186e-01 1.94309e+00
 19    20 -6.50454e+01 7.67221e-01 1.88390e+00
 20    21 -6.44395e+01 7.55365e-01 1.83741e+00
 21    22 -7.03670e+01 7.43565e-01 1.78329e+00
 22    23 -7.30296e+01 7.31919e-01 1.72164e+00
 23    24 -6.93656e+01 7.20242e-01 1.65939e+00
 24    25 -7.05752e+01 7.08577e-01 1.60447e+00
 25    26 -7.07338e+01 6.97003e-01 1.55941e+00
 26    27 -6.95842e+01 6.85738e-01 1.52327e+00
 27    28 -6.90678e+01 6.74439e-01 1.49152e+00
 28    29 -7.13430e+01 6.62612e-01 1.46004e+00
 29    30 -6.82602e+01 6.50206e-01 1.42607e+00
