i, epoch, loss, l2_err, h1_err
  0     1 -6.30415e+00 9.63929e-01 1.65327e+00
  1     2 -1.71083e+01 9.50643e-01 1.74884e+00
  2     3 -2.51493e+01 9.37546e-01 1.86201e+00
  3     4 -3.24269e+01 9.23998e-01 1.95622e+00
  4     5 -3.73483e+01 9.09451e-01 2.01645e+00
  5     6 -4.20937e+01 8.94149e-01 2.04649e+00
  6     7 -4.66532e+01 8.78213e-01 2.05183e+00
  7     8 -4.91467e+01 8.62197e-01 2.03862e+00
  8     9 -5.35932e+01 8.45963e-01 2.01304e+00
  9    10 -5.72863e+01 8.29904e-01 1.97524e+00
 10    11 -6.02624e+01 8.14079e-01 1.93314e+00
 11    12 -6.12799e+01 7.98441e-01 1.88878e+00
 12    13 -6.37876e+01 7.82917e-01 1.84406e+00
 13    14 -6.08785e+01 7.67480e-01 1.79713e+00
 14    15 -6.65445e+01 7.52072e-01 1.75181e+00
 15    16 -6.50597e+01 7.36718e-01 1.70685e+00
 16    17 -6.50716e+01 7.21288e-01 1.66128e+00
 17    18 -6.43900e+01 7.05742e-01 1.61509e+00
 18    19 -6.71016e+01 6.90141e-01 1.56682e+00
 19    20 -6.92342e+01 6.74521e-01 1.51661e+00
 20    21 -6.96879e+01 6.58735e-01 1.46705e+00
 21    22 -7.03073e+01 6.42672e-01 1.41886e+00
 22    23 -7.02003e+01 6.26420e-01 1.37283e+00
 23    24 -7.00038e+01 6.10113e-01 1.33002e+00
 24    25 -6.98751e+01 5.93693e-01 1.29025e+00
 25    26 -7.19927e+01 5.77227e-01 1.25357e+00
 26    27 -7.05124e+01 5.60767e-01 1.21938e+00
 27    28 -6.72612e+01 5.44394e-01 1.18765e+00
 28    29 -7.21293e+01 5.28146e-01 1.15792e+00
 29    30 -7.22443e+01 5.12145e-01 1.12959e+00
 30    31 -7.42489e+01 4.96319e-01 1.10163e+00
 31    32 -7.27103e+01 4.80779e-01 1.07430e+00
 32    33 -7.20509e+01 4.65429e-01 1.04586e+00
 33    34 -7.09713e+01 4.50224e-01 1.01535e+00
 34    35 -7.45534e+01 4.35238e-01 9.81567e-01
 35    36 -7.21750e+01 4.20452e-01 9.45250e-01
 36    37 -6.92624e+01 4.05789e-01 9.07123e-01
 37    38 -6.94302e+01 3.91251e-01 8.68456e-01
 38    39 -7.52196e+01 3.76895e-01 8.30104e-01
 39    40 -7.21119e+01 3.62843e-01 7.92713e-01
 40    41 -7.24495e+01 3.49182e-01 7.54658e-01
 41    42 -7.44323e+01 3.35918e-01 7.16022e-01
 42    43 -7.25230e+01 3.23035e-01 6.78695e-01
 43    44 -7.45743e+01 3.10569e-01 6.43763e-01
 44    45 -7.07893e+01 2.98525e-01 6.11095e-01
 45    46 -7.08887e+01 2.86964e-01 5.79142e-01
 46    47 -7.43662e+01 2.75809e-01 5.46360e-01
 47    48 -7.33009e+01 2.64972e-01 5.15121e-01
 48    49 -7.31634e+01 2.54504e-01 4.86090e-01
 49    50 -7.29436e+01 2.44324e-01 4.58841e-01
 50    51 -7.27701e+01 2.34482e-01 4.34848e-01
 51    52 -7.42751e+01 2.25012e-01 4.11724e-01
 52    53 -7.41637e+01 2.15882e-01 3.89980e-01
 53    54 -7.23573e+01 2.07208e-01 3.69056e-01
 54    55 -7.71832e+01 1.98935e-01 3.49776e-01
 55    56 -7.35270e+01 1.90961e-01 3.30706e-01
 56    57 -7.68079e+01 1.83171e-01 3.13776e-01
 57    58 -7.27666e+01 1.75586e-01 3.00620e-01
 58    59 -7.16294e+01 1.68380e-01 2.89745e-01
 59    60 -7.25330e+01 1.61443e-01 2.78345e-01
 60    61 -7.40303e+01 1.54594e-01 2.69295e-01
 61    62 -7.45365e+01 1.47980e-01 2.62067e-01
 62    63 -7.20225e+01 1.41508e-01 2.55491e-01
 63    64 -7.31366e+01 1.35325e-01 2.49530e-01
 64    66 -7.29132e+01 1.23699e-01 2.34909e-01
 65    67 -7.41120e+01 1.18357e-01 2.27185e-01
 66    68 -7.39074e+01 1.13198e-01 2.22335e-01
 67    69 -7.15015e+01 1.08252e-01 2.14239e-01
 68    70 -7.49869e+01 1.03387e-01 2.09599e-01
 69    71 -6.89385e+01 9.84300e-02 2.05566e-01
 70    73 -7.21745e+01 8.83639e-02 1.82873e-01
 71    74 -7.39367e+01 8.36268e-02 1.75422e-01
 72    75 -7.10610e+01 7.92539e-02 1.78153e-01
 73    77 -7.30231e+01 7.08104e-02 1.71238e-01
 74    78 -7.78384e+01 6.66831e-02 1.64205e-01
 75    79 -7.42758e+01 6.27405e-02 1.60875e-01
 76    81 -7.18439e+01 5.49286e-02 1.47470e-01
 77    82 -7.22719e+01 5.14068e-02 1.45289e-01
 78    84 -7.37414e+01 4.52169e-02 1.44929e-01
 79    85 -7.53052e+01 4.23936e-02 1.43072e-01
 80    87 -7.13937e+01 3.69423e-02 1.33742e-01
 81    88 -7.42179e+01 3.41484e-02 1.27762e-01
 82    90 -7.23356e+01 2.96496e-02 1.30212e-01
 83    91 -7.39873e+01 2.78464e-02 1.39907e-01
 84    93 -7.36289e+01 2.39554e-02 1.31539e-01
 85    94 -7.35427e+01 2.21866e-02 1.27294e-01
 86    96 -7.55341e+01 1.96135e-02 1.35342e-01
 87    98 -7.48483e+01 1.69609e-02 1.28724e-01
 88   100 -7.27639e+01 1.39955e-02 1.18262e-01
 89   101 -7.19354e+01 1.27397e-02 1.13172e-01
 90   103 -7.13903e+01 1.16412e-02 1.19584e-01
 91   105 -7.33093e+01 1.08276e-02 1.21329e-01
 92   107 -7.27471e+01 9.89183e-03 1.08906e-01
 93   109 -7.59235e+01 1.01507e-02 1.15455e-01
 94   110 -7.31190e+01 1.03390e-02 1.19468e-01
 95   112 -7.23507e+01 9.84827e-03 1.26153e-01
 96   114 -7.56020e+01 1.01410e-02 1.22816e-01
 97   116 -7.57599e+01 1.01998e-02 1.26830e-01
 98   118 -7.26896e+01 1.10002e-02 1.29954e-01
 99   120 -7.63514e+01 1.05643e-02 1.28418e-01
100   123 -7.19460e+01 1.12219e-02 1.35498e-01
101   125 -7.10441e+01 1.04737e-02 1.21968e-01
102   127 -7.08062e+01 1.10304e-02 1.37210e-01
103   129 -7.08572e+01 1.01907e-02 1.29556e-01
104   131 -7.50575e+01 1.02340e-02 1.26676e-01
105   134 -7.46589e+01 1.10330e-02 1.38209e-01
106   136 -7.50387e+01 1.07326e-02 1.37886e-01
107   138 -7.35041e+01 1.05263e-02 1.35453e-01
108   141 -7.19098e+01 1.09586e-02 1.47166e-01
109   143 -7.35593e+01 1.05858e-02 1.41356e-01
110   146 -7.52289e+01 1.11152e-02 1.38290e-01
111   148 -7.20718e+01 1.04672e-02 1.36672e-01
112   151 -7.43495e+01 8.81206e-03 1.09189e-01
113   154 -7.31048e+01 7.90298e-03 9.71631e-02
114   156 -7.31043e+01 8.68298e-03 1.10653e-01
115   159 -7.59642e+01 8.41776e-03 1.03160e-01
116   162 -7.42729e+01 7.42495e-03 8.86307e-02
117   165 -7.63047e+01 7.81224e-03 9.40787e-02
118   168 -7.06427e+01 7.50326e-03 9.15541e-02
119   171 -7.20135e+01 7.42501e-03 9.32342e-02
120   174 -7.38019e+01 7.44687e-03 9.52080e-02
121   177 -7.37701e+01 7.18342e-03 8.44300e-02
122   180 -6.98662e+01 7.19293e-03 8.47760e-02
123   183 -7.41106e+01 7.59784e-03 9.98720e-02
124   186 -7.17244e+01 6.74789e-03 9.03638e-02
125   189 -7.52718e+01 7.29250e-03 9.74120e-02
126   193 -7.54763e+01 7.22525e-03 9.36972e-02
127   196 -7.25993e+01 7.67411e-03 1.00871e-01
128   199 -7.31613e+01 7.76535e-03 9.74906e-02
129   203 -7.65749e+01 7.30969e-03 8.90818e-02
130   206 -7.67454e+01 7.91319e-03 1.00016e-01
131   210 -7.25149e+01 8.47551e-03 1.02559e-01
132   214 -7.71492e+01 8.16589e-03 1.02349e-01
133   217 -7.23650e+01 7.82755e-03 9.44491e-02
134   221 -6.92828e+01 7.75907e-03 9.77988e-02
135   225 -7.27414e+01 7.47798e-03 9.21979e-02
136   229 -7.14226e+01 8.39495e-03 1.05464e-01
137   233 -7.39106e+01 8.81715e-03 1.07525e-01
138   237 -7.30484e+01 8.12299e-03 1.02573e-01
139   241 -7.22615e+01 7.93836e-03 1.08729e-01
140   246 -7.34537e+01 7.85028e-03 1.00957e-01
141   250 -6.96302e+01 7.93214e-03 1.06989e-01
142   254 -7.37670e+01 7.80914e-03 1.01254e-01
143   259 -7.36601e+01 8.03985e-03 1.01339e-01
144   263 -7.26506e+01 7.51210e-03 9.66959e-02
145   268 -7.01634e+01 8.37824e-03 1.03740e-01
146   272 -7.19982e+01 8.72799e-03 1.06686e-01
147   277 -6.92628e+01 8.76436e-03 1.09390e-01
148   282 -6.98992e+01 7.90968e-03 9.66571e-02
149   287 -7.51742e+01 8.63404e-03 1.05304e-01
150   292 -7.94440e+01 7.95542e-03 1.02446e-01
151   297 -7.41517e+01 7.61766e-03 9.29016e-02
152   302 -6.84310e+01 7.16168e-03 8.40253e-02
153   308 -7.54878e+01 6.62543e-03 8.17546e-02
154   313 -6.88179e+01 6.00792e-03 7.20185e-02
155   318 -7.41993e+01 6.83142e-03 8.10038e-02
156   324 -7.04109e+01 6.22375e-03 7.30037e-02
157   330 -7.14166e+01 6.49062e-03 7.84726e-02
158   335 -7.46702e+01 5.78684e-03 7.05272e-02
159   341 -7.32321e+01 6.27862e-03 7.78077e-02
160   347 -7.37377e+01 6.42743e-03 8.16610e-02
161   353 -7.47561e+01 5.38881e-03 6.77585e-02
162   360 -7.32735e+01 6.78508e-03 8.41274e-02
163   366 -7.43613e+01 6.65701e-03 8.60901e-02
164   372 -7.56632e+01 6.18588e-03 7.84972e-02
165   379 -7.42713e+01 6.34640e-03 7.85180e-02
166   385 -7.26836e+01 6.43425e-03 7.60913e-02
167   392 -7.36773e+01 6.24423e-03 7.35447e-02
168   399 -7.47543e+01 5.97244e-03 7.40644e-02
169   406 -7.33317e+01 6.27106e-03 7.71974e-02
170   413 -7.42851e+01 5.86671e-03 7.22211e-02
171   420 -7.25480e+01 5.88221e-03 7.48961e-02
172   428 -7.22616e+01 5.75036e-03 7.19199e-02
173   435 -7.18465e+01 6.40039e-03 7.95221e-02
174   443 -7.17768e+01 5.73520e-03 7.24802e-02
175   450 -6.64906e+01 5.28739e-03 6.71579e-02
176   458 -7.40181e+01 6.76296e-03 8.32269e-02
177   466 -6.95086e+01 6.27465e-03 8.30347e-02
178   474 -7.13162e+01 6.84938e-03 8.64462e-02
179   483 -7.04194e+01 7.34845e-03 9.06918e-02
180   491 -7.50554e+01 7.23587e-03 8.86989e-02
181   500 -7.48911e+01 7.20987e-03 8.48781e-02
182   509 -7.08107e+01 5.30307e-03 6.56538e-02
183   517 -7.43327e+01 4.66692e-03 6.02373e-02
184   526 -7.25884e+01 4.68222e-03 5.81959e-02
185   536 -7.05623e+01 4.32874e-03 5.77144e-02
186   545 -7.34285e+01 4.41860e-03 5.95393e-02
187   555 -7.36155e+01 4.32786e-03 5.72195e-02
188   564 -7.58031e+01 4.40482e-03 5.79672e-02
189   574 -7.26975e+01 4.47715e-03 5.56504e-02
190   584 -7.24236e+01 4.55427e-03 5.84837e-02
191   594 -7.15862e+01 4.41477e-03 5.48367e-02
192   605 -7.59895e+01 4.45473e-03 5.76875e-02
193   615 -7.13919e+01 4.51629e-03 5.51033e-02
194   626 -7.55641e+01 4.37007e-03 5.37961e-02
195   637 -7.17831e+01 4.74808e-03 6.10661e-02
196   648 -7.14339e+01 4.58689e-03 5.90320e-02
197   660 -7.45587e+01 4.98304e-03 6.20652e-02
198   671 -7.22764e+01 4.32885e-03 5.55870e-02
199   683 -7.25353e+01 5.12616e-03 6.09369e-02
200   695 -7.37495e+01 4.27666e-03 5.69626e-02
201   707 -7.36594e+01 4.39564e-03 5.43387e-02
202   719 -7.27953e+01 4.46530e-03 5.87389e-02
203   732 -7.29388e+01 4.71668e-03 6.29756e-02
204   745 -7.44571e+01 4.89147e-03 6.11420e-02
205   758 -7.12377e+01 3.51828e-03 4.20822e-02
206   771 -7.37720e+01 3.57835e-03 4.25786e-02
207   784 -7.48452e+01 3.68518e-03 4.57315e-02
208   798 -7.32992e+01 3.21938e-03 4.14344e-02
209   812 -7.44086e+01 3.46248e-03 4.25105e-02
210   826 -7.52588e+01 3.61107e-03 4.56782e-02
211   841 -7.39791e+01 3.22746e-03 3.95197e-02
212   855 -7.13647e+01 3.54556e-03 4.55693e-02
213   870 -7.30186e+01 3.65476e-03 4.61052e-02
214   885 -7.44260e+01 3.35586e-03 4.15512e-02
215   901 -7.16940e+01 3.34678e-03 3.94830e-02
216   917 -7.36896e+01 3.32128e-03 4.03619e-02
217   933 -7.29550e+01 3.31340e-03 4.27532e-02
218   949 -7.55930e+01 3.34653e-03 4.34239e-02
219   965 -7.30706e+01 3.40896e-03 4.18060e-02
220   982 -7.12012e+01 3.57849e-03 4.32488e-02
221  1000 -7.32645e+01 3.22134e-03 4.25222e-02
