i, epoch, loss, l2_err, h1_err
  0     1 -1.17008e+01 9.18836e-01 1.07356e+00
  1     2 -2.14622e+01 9.07654e-01 1.11360e+00
  2     3 -3.07874e+01 8.98620e-01 1.21454e+00
  3     4 -4.01081e+01 8.94873e-01 1.36013e+00
  4     5 -4.40941e+01 8.90109e-01 1.49631e+00
  5     6 -4.86564e+01 8.75753e-01 1.59120e+00
  6     7 -4.93984e+01 8.50655e-01 1.64327e+00
  7     8 -5.44428e+01 8.23102e-01 1.66155e+00
  8     9 -5.56434e+01 8.01604e-01 1.66517e+00
  9    10 -5.86586e+01 7.86548e-01 1.66296e+00
 10    11 -6.23112e+01 7.76583e-01 1.65668e+00
 11    12 -6.28887e+01 7.67389e-01 1.64472e+00
 12    13 -6.63114e+01 7.55789e-01 1.62419e+00
 13    14 -6.29497e+01 7.38995e-01 1.59326e+00
 14    15 -6.37391e+01 7.17039e-01 1.55470e+00
 15    16 -6.43961e+01 6.94209e-01 1.51168e+00
 16    17 -6.90975e+01 6.71300e-01 1.46775e+00
 17    18 -6.67023e+01 6.49400e-01 1.42242e+00
 18    19 -6.50531e+01 6.27905e-01 1.37549e+00
 19    20 -6.89641e+01 6.05719e-01 1.32755e+00
 20    21 -7.07589e+01 5.83467e-01 1.27951e+00
 21    22 -7.19917e+01 5.60500e-01 1.23133e+00
 22    23 -6.79367e+01 5.34014e-01 1.18234e+00
 23    24 -6.96275e+01 5.02670e-01 1.13044e+00
 24    25 -6.85502e+01 4.68512e-01 1.07388e+00
 25    26 -7.14958e+01 4.35515e-01 1.01274e+00
 26    27 -7.34431e+01 4.06399e-01 9.46899e-01
 27    28 -6.90575e+01 3.82602e-01 8.78038e-01
 28    29 -6.85221e+01 3.61877e-01 8.09627e-01
 29    30 -7.19668e+01 3.40188e-01 7.44731e-01
 30    31 -6.93560e+01 3.14063e-01 6.83178e-01
 31    32 -7.14699e+01 2.85254e-01 6.25893e-01
 32    33 -7.14127e+01 2.56862e-01 5.72067e-01
 33    34 -6.88122e+01 2.30739e-01 5.20800e-01
 34    35 -7.16003e+01 2.08041e-01 4.72647e-01
 35    36 -6.99770e+01 1.88158e-01 4.29153e-01
 36    37 -7.13918e+01 1.68782e-01 3.91092e-01
 37    38 -7.32098e+01 1.49115e-01 3.59161e-01
 38    39 -7.26594e+01 1.30353e-01 3.34929e-01
 39    40 -7.24747e+01 1.17574e-01 3.18780e-01
 40    41 -7.21912e+01 1.11741e-01 3.09928e-01
 41    42 -6.83917e+01 1.08845e-01 3.08499e-01
 42    43 -7.52180e+01 1.03750e-01 3.10983e-01
 43    44 -7.29604e+01 9.37851e-02 3.13743e-01
 44    45 -7.22695e+01 8.53012e-02 3.15134e-01
 45    46 -7.07233e+01 8.15562e-02 3.12516e-01
 46    47 -7.39656e+01 8.13983e-02 3.07412e-01
 47    48 -6.85518e+01 8.17040e-02 3.01920e-01
 48    49 -6.85199e+01 7.74269e-02 2.91645e-01
 49    50 -7.34227e+01 7.44401e-02 2.84557e-01
 50    51 -7.45155e+01 7.19614e-02 2.76602e-01
 51    52 -7.17823e+01 6.99488e-02 2.68805e-01
 52    53 -7.34173e+01 6.84162e-02 2.61131e-01
 53    54 -7.45182e+01 6.78223e-02 2.54001e-01
 54    55 -7.11432e+01 6.78003e-02 2.46843e-01
 55    56 -7.24285e+01 6.79653e-02 2.39791e-01
 56    57 -7.23884e+01 6.74933e-02 2.32441e-01
 57    58 -7.01524e+01 6.68430e-02 2.25595e-01
 58    59 -7.29731e+01 6.67328e-02 2.20008e-01
 59    60 -7.25608e+01 6.73231e-02 2.15767e-01
 60    61 -6.92807e+01 6.86810e-02 2.12330e-01
 61    62 -7.12548e+01 7.06116e-02 2.09610e-01
 62    63 -6.78237e+01 7.20955e-02 2.07343e-01
 63    64 -7.41196e+01 7.26748e-02 2.05244e-01
 64    65 -7.23962e+01 7.29530e-02 2.03634e-01
 65    66 -7.17821e+01 7.32697e-02 2.02716e-01
 66    67 -7.16673e+01 7.39099e-02 2.02391e-01
 67    68 -7.02696e+01 7.54814e-02 2.02857e-01
 68    69 -7.46293e+01 7.75959e-02 2.03530e-01
 69    70 -7.09555e+01 8.02830e-02 2.04587e-01
 70    71 -7.32428e+01 8.25282e-02 2.05044e-01
 71    72 -7.29276e+01 8.40724e-02 2.05203e-01
 72    73 -7.28520e+01 8.51454e-02 2.05370e-01
 73    74 -7.19440e+01 8.67970e-02 2.05896e-01
 74    75 -6.80837e+01 8.88706e-02 2.06532e-01
 75    76 -7.18423e+01 9.19680e-02 2.07502e-01
 76    77 -7.20469e+01 9.54553e-02 2.08695e-01
 77    78 -7.83248e+01 9.78779e-02 2.09700e-01
 78    79 -7.25725e+01 9.87758e-02 2.10657e-01
 79    80 -7.27730e+01 9.85633e-02 2.11529e-01
 80    81 -7.26811e+01 9.85883e-02 2.12336e-01
 81    82 -7.20918e+01 9.93174e-02 2.12808e-01
 82    83 -7.34665e+01 1.01658e-01 2.12611e-01
 83    84 -7.09328e+01 1.04599e-01 2.12348e-01
 84    85 -7.11315e+01 1.06593e-01 2.12087e-01
 85    86 -7.49691e+01 1.06483e-01 2.11879e-01
 86    87 -7.17738e+01 1.04894e-01 2.11800e-01
 87    88 -7.50289e+01 1.03354e-01 2.11910e-01
 88    89 -7.61887e+01 1.02225e-01 2.11972e-01
 89    90 -7.49074e+01 1.02946e-01 2.11968e-01
 90    91 -7.27166e+01 1.05311e-01 2.12281e-01
 91    92 -7.12796e+01 1.07761e-01 2.13103e-01
 92    93 -6.86041e+01 1.08865e-01 2.13684e-01
 93    94 -7.28152e+01 1.07743e-01 2.13704e-01
 94    95 -7.30282e+01 1.06466e-01 2.13937e-01
 95    96 -7.20597e+01 1.05513e-01 2.14205e-01
 96    97 -6.89254e+01 1.05833e-01 2.14198e-01
 97    98 -7.26646e+01 1.07641e-01 2.14109e-01
 98   100 -7.27952e+01 1.09583e-01 2.14248e-01
