i, epoch, loss, l2_err, h1_err
  0     1 -1.00797e+02 9.50609e-01 9.94825e-01
  1     2 -1.76282e+02 9.28745e-01 9.93642e-01
  2     3 -2.59847e+02 9.07435e-01 1.00405e+00
  3     4 -3.36274e+02 8.83639e-01 1.02477e+00
  4     5 -4.01835e+02 8.60015e-01 1.05850e+00
  5     6 -4.61695e+02 8.36174e-01 1.10263e+00
  6     7 -5.18733e+02 8.14894e-01 1.15876e+00
  7     8 -5.69569e+02 7.97250e-01 1.22402e+00
  8     9 -6.24308e+02 7.84396e-01 1.29862e+00
  9    10 -6.71335e+02 7.72854e-01 1.37368e+00
 10    11 -7.25790e+02 7.62183e-01 1.45121e+00
 11    12 -7.66159e+02 7.52497e-01 1.52862e+00
 12    13 -8.05419e+02 7.43012e-01 1.60345e+00
 13    14 -8.29962e+02 7.33237e-01 1.67430e+00
 14    15 -8.51430e+02 7.24857e-01 1.74416e+00
 15    16 -8.99737e+02 7.17520e-01 1.81042e+00
 16    17 -9.02883e+02 7.07204e-01 1.86847e+00
 17    18 -9.27882e+02 6.96402e-01 1.92170e+00
 18    19 -9.34403e+02 6.88149e-01 1.97825e+00
 19    20 -9.56229e+02 6.79314e-01 2.02473e+00
 20    21 -9.86340e+02 6.67779e-01 2.06073e+00
 21    22 -9.97098e+02 6.54948e-01 2.08887e+00
 22    23 -9.96952e+02 6.41953e-01 2.11317e+00
 23    24 -9.91775e+02 6.31066e-01 2.14138e+00
 24    25 -1.03833e+03 6.23034e-01 2.17541e+00
