i, epoch, loss, l2_err, h1_err
  0     1 -5.89394e+01 9.82723e-01 1.31909e+00
  1     2 -1.36369e+02 9.77945e-01 1.39282e+00
  2     3 -1.98756e+02 9.73536e-01 1.47699e+00
  3     4 -2.63235e+02 9.69197e-01 1.55974e+00
  4     5 -3.26283e+02 9.64739e-01 1.63965e+00
  5     6 -3.85005e+02 9.60156e-01 1.71549e+00
  6     7 -4.36225e+02 9.55414e-01 1.78367e+00
  7     8 -4.86068e+02 9.50246e-01 1.84243e+00
  8     9 -5.38716e+02 9.44566e-01 1.89061e+00
  9    10 -5.87767e+02 9.38501e-01 1.93172e+00
 10    11 -6.27216e+02 9.31847e-01 1.96478e+00
 11    12 -6.69522e+02 9.24585e-01 1.99048e+00
 12    13 -7.13906e+02 9.16717e-01 2.00943e+00
 13    14 -7.50504e+02 9.08276e-01 2.02137e+00
 14    15 -7.63357e+02 8.99216e-01 2.02666e+00
 15    16 -8.03339e+02 8.89540e-01 2.02653e+00
 16    17 -8.28886e+02 8.79245e-01 2.02158e+00
 17    18 -8.60908e+02 8.68357e-01 2.01313e+00
 18    19 -8.95405e+02 8.56832e-01 2.00064e+00
 19    20 -9.26090e+02 8.44680e-01 1.98455e+00
 20    21 -9.27898e+02 8.31941e-01 1.96559e+00
 21    22 -9.45719e+02 8.18626e-01 1.94385e+00
 22    23 -9.60596e+02 8.04782e-01 1.91963e+00
 23    24 -9.70190e+02 7.90415e-01 1.89291e+00
 24    25 -1.00435e+03 7.75573e-01 1.86420e+00
 25    26 -1.01459e+03 7.60235e-01 1.83402e+00
 26    27 -1.02783e+03 7.44415e-01 1.80237e+00
 27    28 -1.02638e+03 7.28115e-01 1.76895e+00
 28    29 -1.04971e+03 7.11345e-01 1.73418e+00
 29    30 -1.05176e+03 6.94145e-01 1.69826e+00
 30    31 -1.06791e+03 6.76517e-01 1.66149e+00
 31    32 -1.06204e+03 6.58527e-01 1.62434e+00
 32    33 -1.06849e+03 6.40217e-01 1.58672e+00
 33    34 -1.08849e+03 6.21679e-01 1.54908e+00
 34    35 -1.09254e+03 6.02959e-01 1.51107e+00
 35    36 -1.09872e+03 5.84045e-01 1.47230e+00
 36    37 -1.09462e+03 5.65060e-01 1.43336e+00
 37    38 -1.08416e+03 5.46022e-01 1.39454e+00
 38    39 -1.09871e+03 5.26991e-01 1.35595e+00
 39    40 -1.10599e+03 5.08006e-01 1.31743e+00
 40    41 -1.12368e+03 4.89095e-01 1.27899e+00
 41    42 -1.12945e+03 4.70308e-01 1.24057e+00
 42    43 -1.10668e+03 4.51653e-01 1.20219e+00
 43    44 -1.12483e+03 4.33206e-01 1.16413e+00
 44    45 -1.13951e+03 4.15019e-01 1.12652e+00
 45    46 -1.13143e+03 3.97103e-01 1.08914e+00
 46    47 -1.11457e+03 3.79488e-01 1.05216e+00
 47    48 -1.11304e+03 3.62174e-01 1.01570e+00
 48    49 -1.13746e+03 3.45215e-01 9.79829e-01
 49    50 -1.13012e+03 3.28618e-01 9.44571e-01
