i, epoch, loss, l2_err, h1_err
  0     1 -1.16294e+02 9.25762e-01 9.32623e-01
  1     2 -1.82004e+02 8.89658e-01 8.98132e-01
  2     3 -2.47549e+02 8.54448e-01 8.64652e-01
  3     4 -3.16045e+02 8.19921e-01 8.31717e-01
  4     5 -3.70725e+02 7.85816e-01 7.98987e-01
  5     6 -4.38017e+02 7.51932e-01 7.66321e-01
  6     7 -4.95724e+02 7.18256e-01 7.33798e-01
  7     8 -5.53350e+02 6.84923e-01 7.01634e-01
  8     9 -6.03613e+02 6.51778e-01 6.69794e-01
  9    10 -6.55225e+02 6.18734e-01 6.38294e-01
 10    11 -7.11271e+02 5.85543e-01 6.06969e-01
 11    12 -7.38703e+02 5.52175e-01 5.75798e-01
 12    13 -7.79173e+02 5.18539e-01 5.44715e-01
 13    14 -8.21744e+02 4.84851e-01 5.13927e-01
 14    15 -8.53741e+02 4.51234e-01 4.83582e-01
 15    16 -8.86422e+02 4.17954e-01 4.53987e-01
 16    17 -9.22479e+02 3.85165e-01 4.25358e-01
 17    18 -9.51559e+02 3.53118e-01 3.98012e-01
 18    19 -9.75895e+02 3.22213e-01 3.72308e-01
 19    20 -9.80439e+02 2.92675e-01 3.48524e-01
 20    21 -1.01492e+03 2.64802e-01 3.26933e-01
 21    22 -1.05191e+03 2.38772e-01 3.07739e-01
 22    23 -1.04912e+03 2.14727e-01 2.91072e-01
 23    24 -1.06581e+03 1.92749e-01 2.76897e-01
 24    25 -1.05989e+03 1.72772e-01 2.65088e-01
