i, epoch, loss, l2_err, h1_err
  0     1 -9.65469e+01 9.24309e-01 9.28641e-01
  1     2 -1.71214e+02 8.89643e-01 8.95737e-01
  2     3 -2.39661e+02 8.55132e-01 8.63103e-01
  3     4 -2.99423e+02 8.20759e-01 8.30715e-01
  4     5 -3.56157e+02 7.86615e-01 7.98692e-01
  5     6 -4.10614e+02 7.52714e-01 7.67053e-01
  6     7 -4.69671e+02 7.19094e-01 7.35819e-01
  7     8 -5.17037e+02 6.85799e-01 7.05061e-01
  8     9 -5.73626e+02 6.52873e-01 6.74844e-01
  9    10 -6.16903e+02 6.20369e-01 6.45234e-01
 10    11 -6.66861e+02 5.88382e-01 6.16337e-01
 11    12 -7.03704e+02 5.56942e-01 5.88167e-01
 12    13 -7.47683e+02 5.26112e-01 5.60836e-01
 13    14 -7.84769e+02 4.95928e-01 5.34372e-01
 14    15 -8.12798e+02 4.66411e-01 5.08738e-01
 15    16 -8.50289e+02 4.37598e-01 4.84091e-01
 16    17 -8.83927e+02 4.09588e-01 4.60506e-01
 17    18 -9.14323e+02 3.82426e-01 4.38007e-01
 18    19 -9.28531e+02 3.56172e-01 4.16685e-01
 19    20 -9.33741e+02 3.30879e-01 3.96612e-01
 20    21 -9.62097e+02 3.06565e-01 3.77798e-01
 21    22 -9.81146e+02 2.83341e-01 3.60351e-01
 22    23 -1.00847e+03 2.61256e-01 3.44314e-01
 23    24 -1.02923e+03 2.40353e-01 3.29670e-01
 24    25 -1.04064e+03 2.20667e-01 3.16418e-01
 25    26 -1.05282e+03 2.02255e-01 3.04559e-01
 26    27 -1.05660e+03 1.85229e-01 2.94089e-01
 27    28 -1.06250e+03 1.69626e-01 2.84907e-01
 28    29 -1.06984e+03 1.55530e-01 2.77068e-01
 29    30 -1.10113e+03 1.42975e-01 2.70450e-01
 30    31 -1.08997e+03 1.32019e-01 2.64996e-01
 31    32 -1.10402e+03 1.22680e-01 2.60581e-01
 32    33 -1.11552e+03 1.14932e-01 2.57073e-01
 33    34 -1.10688e+03 1.08773e-01 2.54395e-01
 34    35 -1.11517e+03 1.04083e-01 2.52433e-01
 35    36 -1.12484e+03 1.00743e-01 2.51090e-01
 36    37 -1.12345e+03 9.85764e-02 2.50279e-01
 37    38 -1.10856e+03 9.73705e-02 2.49882e-01
 38    39 -1.09935e+03 9.69227e-02 2.49811e-01
 39    40 -1.11201e+03 9.70222e-02 2.50006e-01
 40    41 -1.09421e+03 9.75013e-02 2.50395e-01
 41    42 -1.11208e+03 9.81778e-02 2.50910e-01
 42    43 -1.10594e+03 9.89653e-02 2.51525e-01
 43    44 -1.13364e+03 9.97428e-02 2.52175e-01
 44    45 -1.12349e+03 1.00464e-01 2.52848e-01
 45    46 -1.11055e+03 1.01065e-01 2.53497e-01
 46    47 -1.12294e+03 1.01512e-01 2.54106e-01
 47    48 -1.11777e+03 1.01806e-01 2.54675e-01
 48    49 -1.11058e+03 1.01907e-01 2.55171e-01
 49    50 -1.12965e+03 1.01788e-01 2.55558e-01
