i, epoch, loss, l2_err, h1_err
  0     1 -8.98018e+01 1.00671e+00 1.24711e+00
  1     2 -1.31062e+02 1.00275e+00 1.34046e+00
  2     3 -2.13164e+02 9.92858e-01 1.48979e+00
  3     4 -3.09479e+02 9.82345e-01 1.68252e+00
  4     5 -3.71961e+02 9.78169e-01 1.87184e+00
  5     6 -4.17482e+02 9.80546e-01 2.03663e+00
  6     7 -4.96321e+02 9.85792e-01 2.17484e+00
  7     8 -5.49156e+02 9.88678e-01 2.30534e+00
  8     9 -5.82445e+02 9.85577e-01 2.44419e+00
  9    10 -6.34436e+02 9.77637e-01 2.57134e+00
 10    11 -6.80707e+02 9.68355e-01 2.69039e+00
 11    12 -7.28419e+02 9.64228e-01 2.79918e+00
 12    13 -7.49262e+02 9.67685e-01 2.87895e+00
 13    14 -7.86919e+02 9.74068e-01 2.94220e+00
 14    15 -8.21762e+02 9.77326e-01 2.99082e+00
 15    16 -8.37064e+02 9.75730e-01 3.03462e+00
 16    17 -8.50878e+02 9.69841e-01 3.07453e+00
 17    18 -8.81857e+02 9.63111e-01 3.10614e+00
 18    19 -8.99505e+02 9.58226e-01 3.12562e+00
 19    20 -9.18028e+02 9.55119e-01 3.13210e+00
 20    21 -9.50025e+02 9.53117e-01 3.13291e+00
 21    22 -9.52415e+02 9.52164e-01 3.12923e+00
 22    23 -9.72816e+02 9.51161e-01 3.11831e+00
 23    24 -9.99111e+02 9.49032e-01 3.10391e+00
 24    25 -9.95154e+02 9.45371e-01 3.08786e+00
