i, epoch, loss, l2_err, h1_err
  0     1 -5.98710e+01 9.93156e-01 1.19056e+00
  1     2 -1.57308e+02 9.80286e-01 1.30780e+00
  2     3 -3.22572e+02 9.56290e-01 1.53721e+00
  3     4 -4.58557e+02 9.21902e-01 1.86464e+00
  4     5 -6.05603e+02 8.89553e-01 2.22840e+00
  5     6 -6.72770e+02 8.66730e-01 2.48712e+00
  6     7 -6.77219e+02 8.45304e-01 2.59426e+00
  7     8 -7.29613e+02 8.19504e-01 2.59175e+00
  8     9 -7.46053e+02 7.91183e-01 2.53482e+00
  9    10 -8.23467e+02 7.65644e-01 2.46033e+00
 10    11 -8.90223e+02 7.47489e-01 2.39263e+00
 11    12 -9.25682e+02 7.36294e-01 2.35128e+00
 12    13 -9.15451e+02 7.29596e-01 2.34655e+00
 13    14 -9.24816e+02 7.23917e-01 2.37485e+00
 14    15 -9.34361e+02 7.16886e-01 2.43061e+00
 15    16 -9.42551e+02 7.07900e-01 2.50505e+00
 16    17 -9.58548e+02 6.98629e-01 2.59244e+00
 17    18 -1.01253e+03 6.90383e-01 2.68491e+00
 18    19 -9.93820e+02 6.84829e-01 2.77192e+00
 19    20 -1.01075e+03 6.82586e-01 2.84503e+00
 20    21 -1.01645e+03 6.82736e-01 2.89338e+00
 21    22 -9.97516e+02 6.83868e-01 2.91168e+00
 22    23 -1.03214e+03 6.84965e-01 2.90140e+00
 23    24 -1.01883e+03 6.84844e-01 2.86670e+00
 24    25 -1.02919e+03 6.83878e-01 2.81325e+00
