i, epoch, loss, l2_err, h1_err
  0     1 -4.28838e+01 9.94233e-01 1.30667e+00
  1     2 -1.02361e+02 9.89780e-01 1.36213e+00
  2     3 -1.65247e+02 9.81376e-01 1.50611e+00
  3     4 -2.54210e+02 9.71875e-01 1.73995e+00
  4     5 -3.14003e+02 9.68667e-01 2.01171e+00
  5     6 -3.66925e+02 9.71967e-01 2.02738e+00
  6     7 -4.35806e+02 9.76833e-01 2.11911e+00
  7     8 -4.71473e+02 9.76243e-01 2.22232e+00
  8     9 -5.22819e+02 9.69204e-01 2.33830e+00
  9    10 -5.87224e+02 9.58388e-01 2.47214e+00
 10    11 -6.42557e+02 9.50152e-01 2.68137e+00
 11    12 -6.53645e+02 9.49550e-01 2.67251e+00
 12    13 -7.08454e+02 9.53680e-01 2.65014e+00
 13    14 -7.64147e+02 9.57990e-01 2.69983e+00
 14    15 -7.91710e+02 9.57668e-01 2.78254e+00
 15    16 -8.01399e+02 9.51769e-01 2.89995e+00
 16    17 -8.49144e+02 9.42259e-01 3.08765e+00
 17    18 -8.73040e+02 9.34178e-01 3.18481e+00
 18    19 -9.26608e+02 9.31454e-01 3.11349e+00
 19    20 -9.05631e+02 9.31768e-01 3.11697e+00
 20    21 -9.42377e+02 9.32920e-01 3.19332e+00
 21    22 -9.65497e+02 9.32994e-01 3.30755e+00
 22    23 -9.76105e+02 9.30772e-01 3.42983e+00
 23    24 -9.63651e+02 9.25595e-01 3.48004e+00
 24    25 -9.79485e+02 9.20371e-01 3.41865e+00
