i, epoch, loss, l2_err, h1_err
  0     1 -5.21337e+01 9.81855e-01 1.33429e+00
  1     2 -1.28565e+02 9.77839e-01 1.40805e+00
  2     3 -1.96067e+02 9.74495e-01 1.50332e+00
  3     4 -2.55075e+02 9.71270e-01 1.59750e+00
  4     5 -3.16894e+02 9.67767e-01 1.68257e+00
  5     6 -3.84948e+02 9.63759e-01 1.75425e+00
  6     7 -4.29815e+02 9.59142e-01 1.81348e+00
  7     8 -4.93904e+02 9.53918e-01 1.86411e+00
  8     9 -5.41360e+02 9.48173e-01 1.90700e+00
  9    10 -5.78059e+02 9.42022e-01 1.94054e+00
 10    11 -6.24029e+02 9.35541e-01 1.96679e+00
 11    12 -6.66376e+02 9.28598e-01 1.98654e+00
 12    13 -7.03059e+02 9.21219e-01 1.99976e+00
 13    14 -7.41514e+02 9.13505e-01 2.00818e+00
 14    15 -7.76710e+02 9.05385e-01 2.01244e+00
 15    16 -8.02077e+02 8.96870e-01 2.01301e+00
 16    17 -8.32069e+02 8.87949e-01 2.00958e+00
 17    18 -8.61595e+02 8.78642e-01 2.00257e+00
 18    19 -8.89015e+02 8.68827e-01 1.99196e+00
 19    20 -9.06858e+02 8.58490e-01 1.97866e+00
 20    21 -9.18516e+02 8.47533e-01 1.96298e+00
 21    22 -9.51144e+02 8.36058e-01 1.94566e+00
 22    23 -9.61937e+02 8.24049e-01 1.92611e+00
 23    24 -9.65623e+02 8.11543e-01 1.90480e+00
 24    25 -9.97901e+02 7.98470e-01 1.88246e+00
 25    26 -1.02206e+03 7.84898e-01 1.85870e+00
 26    27 -1.01764e+03 7.70865e-01 1.83379e+00
 27    28 -1.04114e+03 7.56345e-01 1.80756e+00
 28    29 -1.04538e+03 7.41398e-01 1.78022e+00
 29    30 -1.05919e+03 7.26072e-01 1.75211e+00
 30    31 -1.04655e+03 7.10376e-01 1.72358e+00
 31    32 -1.06039e+03 6.94370e-01 1.69410e+00
 32    33 -1.06581e+03 6.78129e-01 1.66400e+00
 33    34 -1.07393e+03 6.61611e-01 1.63315e+00
 34    35 -1.06981e+03 6.44855e-01 1.60195e+00
 35    36 -1.09563e+03 6.27916e-01 1.57016e+00
 36    37 -1.08304e+03 6.10854e-01 1.53793e+00
 37    38 -1.11709e+03 5.93711e-01 1.50512e+00
 38    39 -1.10467e+03 5.76517e-01 1.47173e+00
 39    40 -1.11527e+03 5.59296e-01 1.43782e+00
 40    41 -1.12938e+03 5.42105e-01 1.40347e+00
 41    42 -1.10657e+03 5.24883e-01 1.36875e+00
 42    43 -1.10665e+03 5.07685e-01 1.33371e+00
 43    44 -1.10588e+03 4.90598e-01 1.29847e+00
 44    45 -1.10896e+03 4.73589e-01 1.26287e+00
 45    46 -1.10723e+03 4.56726e-01 1.22722e+00
 46    47 -1.11467e+03 4.40045e-01 1.19158e+00
 47    48 -1.13321e+03 4.23500e-01 1.15593e+00
 48    49 -1.10981e+03 4.07145e-01 1.12019e+00
 49    50 -1.12713e+03 3.90954e-01 1.08448e+00
