i, epoch, loss, l2_err, h1_err
  0     1 -5.67440e+01 1.00113e+00 1.30150e+00
  1     2 -1.35913e+02 9.94373e-01 1.38276e+00
  2     3 -2.22835e+02 9.86815e-01 1.51648e+00
  3     4 -2.78314e+02 9.85626e-01 1.67647e+00
  4     5 -3.49043e+02 9.88455e-01 1.86272e+00
  5     6 -4.06945e+02 9.88256e-01 2.01498e+00
  6     7 -4.43555e+02 9.82657e-01 2.14306e+00
  7     8 -5.17264e+02 9.74967e-01 2.24797e+00
  8     9 -5.70946e+02 9.73004e-01 2.35611e+00
  9    10 -6.26445e+02 9.75689e-01 2.47241e+00
 10    11 -6.76211e+02 9.75256e-01 2.58797e+00
 11    12 -7.33744e+02 9.69016e-01 2.70113e+00
 12    13 -7.59256e+02 9.62443e-01 2.79562e+00
 13    14 -8.00086e+02 9.62343e-01 2.85315e+00
 14    15 -8.27827e+02 9.64846e-01 2.92148e+00
 15    16 -8.49705e+02 9.63227e-01 3.01535e+00
 16    17 -8.89280e+02 9.57180e-01 3.11880e+00
 17    18 -9.00379e+02 9.50752e-01 3.21819e+00
 18    19 -9.21349e+02 9.51125e-01 3.26775e+00
 19    20 -9.57527e+02 9.55023e-01 3.29087e+00
 20    21 -9.51042e+02 9.56498e-01 3.30982e+00
 21    22 -9.92547e+02 9.52602e-01 3.33597e+00
 22    23 -1.00498e+03 9.45529e-01 3.37365e+00
 23    24 -1.00080e+03 9.39452e-01 3.40833e+00
 24    25 -9.94457e+02 9.38005e-01 3.41494e+00
