i, epoch, loss, l2_err, h1_err
  0     1 -6.99244e+01 9.42982e-01 1.02649e+00
  1     2 -1.38277e+02 9.20258e-01 1.02566e+00
  2     3 -2.06559e+02 8.97749e-01 1.03016e+00
  3     4 -2.68167e+02 8.75816e-01 1.03914e+00
  4     5 -3.27271e+02 8.53919e-01 1.04972e+00
  5     6 -3.88810e+02 8.32190e-01 1.06099e+00
  6     7 -4.54673e+02 8.10470e-01 1.07099e+00
  7     8 -4.99238e+02 7.88099e-01 1.07939e+00
  8     9 -5.58092e+02 7.65447e-01 1.08656e+00
  9    10 -6.01103e+02 7.41964e-01 1.08889e+00
 10    11 -6.40367e+02 7.18411e-01 1.08832e+00
 11    12 -6.83753e+02 6.94845e-01 1.08456e+00
 12    13 -7.21804e+02 6.71071e-01 1.07754e+00
 13    14 -7.71903e+02 6.47207e-01 1.06650e+00
 14    15 -7.85757e+02 6.23263e-01 1.05245e+00
 15    16 -8.31531e+02 5.99367e-01 1.03576e+00
 16    17 -8.54028e+02 5.75754e-01 1.01704e+00
 17    18 -8.82650e+02 5.52379e-01 9.96632e-01
 18    19 -9.10784e+02 5.29119e-01 9.74507e-01
 19    20 -9.37958e+02 5.06244e-01 9.51033e-01
 20    21 -9.45981e+02 4.83610e-01 9.25999e-01
 21    22 -9.76149e+02 4.61394e-01 9.00064e-01
 22    23 -9.91512e+02 4.39618e-01 8.73547e-01
 23    24 -1.02821e+03 4.18260e-01 8.46115e-01
 24    25 -1.01963e+03 3.97348e-01 8.18250e-01
 25    26 -1.02548e+03 3.76885e-01 7.89991e-01
 26    27 -1.03273e+03 3.56947e-01 7.61628e-01
 27    28 -1.05801e+03 3.37553e-01 7.33157e-01
 28    29 -1.05899e+03 3.18695e-01 7.04549e-01
 29    30 -1.08792e+03 3.00334e-01 6.75977e-01
 30    31 -1.07104e+03 2.82448e-01 6.47579e-01
 31    32 -1.08643e+03 2.65091e-01 6.19533e-01
 32    33 -1.11559e+03 2.48200e-01 5.91747e-01
 33    34 -1.11272e+03 2.31854e-01 5.64475e-01
 34    35 -1.09848e+03 2.15991e-01 5.37800e-01
 35    36 -1.09832e+03 2.00592e-01 5.11749e-01
 36    37 -1.11305e+03 1.85712e-01 4.86573e-01
 37    38 -1.12235e+03 1.71300e-01 4.62061e-01
 38    39 -1.12013e+03 1.57408e-01 4.38399e-01
 39    40 -1.11172e+03 1.44037e-01 4.15811e-01
 40    41 -1.12038e+03 1.31175e-01 3.94224e-01
 41    42 -1.11860e+03 1.18847e-01 3.73752e-01
 42    43 -1.12182e+03 1.07061e-01 3.54367e-01
 43    44 -1.13323e+03 9.58910e-02 3.36088e-01
 44    45 -1.12705e+03 8.53856e-02 3.19112e-01
 45    46 -1.12595e+03 7.55721e-02 3.03464e-01
 46    47 -1.13031e+03 6.65174e-02 2.89073e-01
 47    48 -1.12297e+03 5.82738e-02 2.75900e-01
 48    49 -1.11839e+03 5.09372e-02 2.63955e-01
 49    50 -1.12577e+03 4.46057e-02 2.53285e-01
