i, epoch, loss, l2_err, h1_err
  0     1 -8.62434e+01 9.96543e-01 1.18725e+00
  1     2 -1.61841e+02 9.94961e-01 1.22672e+00
  2     3 -2.33565e+02 9.87487e-01 1.29552e+00
  3     4 -3.01726e+02 9.76726e-01 1.39257e+00
  4     5 -3.76222e+02 9.66402e-01 1.51533e+00
  5     6 -4.33972e+02 9.61617e-01 1.64964e+00
  6     7 -4.92549e+02 9.61679e-01 1.76037e+00
  7     8 -5.54054e+02 9.65552e-01 1.86928e+00
  8     9 -6.21129e+02 9.67381e-01 1.98147e+00
  9    10 -6.68088e+02 9.61677e-01 2.09064e+00
 10    11 -7.04724e+02 9.51741e-01 2.20097e+00
 11    12 -7.61290e+02 9.42340e-01 2.31186e+00
 12    13 -8.00974e+02 9.37545e-01 2.42498e+00
 13    14 -8.35789e+02 9.37977e-01 2.52491e+00
 14    15 -8.73985e+02 9.40423e-01 2.60358e+00
 15    16 -9.17648e+02 9.40562e-01 2.67745e+00
 16    17 -9.21871e+02 9.36378e-01 2.74977e+00
 17    18 -9.45158e+02 9.28502e-01 2.81755e+00
 18    19 -9.57272e+02 9.20495e-01 2.87693e+00
 19    20 -9.99683e+02 9.15561e-01 2.92409e+00
 20    21 -9.88462e+02 9.13482e-01 2.95966e+00
 21    22 -1.00559e+03 9.13350e-01 2.98409e+00
 22    23 -1.01822e+03 9.13506e-01 2.99709e+00
 23    24 -1.00015e+03 9.13933e-01 2.99792e+00
 24    25 -1.03990e+03 9.13169e-01 2.99187e+00
