i, epoch, loss, l2_err, h1_err
  0     1 -9.70140e+01 9.59455e-01 1.27008e+00
  1     2 -3.06462e+02 9.14755e-01 1.52198e+00
  2     3 -5.26903e+02 8.62723e-01 1.92276e+00
  3     4 -6.69329e+02 8.23405e-01 2.29168e+00
  4     5 -7.35871e+02 7.94455e-01 2.54445e+00
  5     6 -7.98691e+02 7.67756e-01 2.68976e+00
  6     7 -8.45721e+02 7.40776e-01 2.75867e+00
  7     8 -8.87701e+02 7.18703e-01 2.76626e+00
  8     9 -8.98742e+02 7.02295e-01 2.70475e+00
  9    10 -8.96792e+02 6.87355e-01 2.59344e+00
 10    11 -9.31151e+02 6.72172e-01 2.46188e+00
 11    12 -9.26771e+02 6.59230e-01 2.33928e+00
 12    13 -9.78879e+02 6.49854e-01 2.25033e+00
 13    14 -9.99886e+02 6.43920e-01 2.20487e+00
 14    15 -1.00707e+03 6.39011e-01 2.20413e+00
 15    16 -9.98024e+02 6.33454e-01 2.23662e+00
 16    17 -1.00237e+03 6.26652e-01 2.29384e+00
 17    18 -1.01944e+03 6.19784e-01 2.37026e+00
 18    19 -1.02025e+03 6.14632e-01 2.45758e+00
 19    20 -1.02595e+03 6.12285e-01 2.54623e+00
 20    21 -1.05267e+03 6.12235e-01 2.62537e+00
 21    22 -1.07602e+03 6.12552e-01 2.68324e+00
 22    23 -1.04629e+03 6.11208e-01 2.71365e+00
 23    24 -1.05050e+03 6.07387e-01 2.71641e+00
 24    25 -1.05751e+03 6.01596e-01 2.69490e+00
