i, epoch, loss, l2_err, h1_err
  0     1 -8.05264e+01 9.39820e-01 9.77111e-01
  1     2 -1.51720e+02 9.13323e-01 9.55689e-01
  2     3 -2.15757e+02 8.84743e-01 9.32551e-01
  3     4 -2.80600e+02 8.55149e-01 9.08345e-01
  4     5 -3.41182e+02 8.24903e-01 8.83029e-01
  5     6 -3.97710e+02 7.94534e-01 8.58075e-01
  6     7 -4.54867e+02 7.63942e-01 8.32639e-01
  7     8 -4.99339e+02 7.33378e-01 8.07415e-01
  8     9 -5.55847e+02 7.02701e-01 7.81935e-01
  9    10 -6.02118e+02 6.71959e-01 7.55970e-01
 10    11 -6.51935e+02 6.41303e-01 7.30008e-01
 11    12 -6.90766e+02 6.10831e-01 7.03934e-01
 12    13 -7.30977e+02 5.80575e-01 6.78037e-01
 13    14 -7.64131e+02 5.50625e-01 6.52230e-01
 14    15 -8.07850e+02 5.21099e-01 6.26774e-01
 15    16 -8.41574e+02 4.92010e-01 6.01631e-01
 16    17 -8.58372e+02 4.63366e-01 5.76631e-01
 17    18 -8.94930e+02 4.35260e-01 5.51851e-01
 18    19 -9.22891e+02 4.07811e-01 5.27402e-01
 19    20 -9.25577e+02 3.81040e-01 5.03393e-01
 20    21 -9.64779e+02 3.54974e-01 4.79463e-01
 21    22 -9.89098e+02 3.29687e-01 4.56110e-01
 22    23 -1.00802e+03 3.05266e-01 4.33246e-01
 23    24 -1.01314e+03 2.81817e-01 4.11382e-01
 24    25 -1.02901e+03 2.59366e-01 3.90570e-01
 25    26 -1.03229e+03 2.37995e-01 3.70984e-01
 26    27 -1.03991e+03 2.17842e-01 3.53246e-01
 27    28 -1.06046e+03 1.98943e-01 3.37077e-01
 28    29 -1.07191e+03 1.81303e-01 3.21967e-01
 29    30 -1.08647e+03 1.65022e-01 3.08456e-01
 30    31 -1.09730e+03 1.50170e-01 2.96660e-01
 31    32 -1.08286e+03 1.36807e-01 2.86406e-01
 32    33 -1.07914e+03 1.24958e-01 2.77390e-01
 33    34 -1.11118e+03 1.14520e-01 2.69778e-01
 34    35 -1.09036e+03 1.05495e-01 2.62978e-01
 35    36 -1.09110e+03 9.77828e-02 2.56695e-01
 36    37 -1.12735e+03 9.12504e-02 2.51368e-01
 37    38 -1.10299e+03 8.58085e-02 2.46835e-01
 38    39 -1.10664e+03 8.13678e-02 2.42858e-01
 39    40 -1.10949e+03 7.77237e-02 2.39229e-01
 40    41 -1.10202e+03 7.47010e-02 2.35665e-01
 41    42 -1.11857e+03 7.21445e-02 2.32313e-01
 42    43 -1.12403e+03 6.98780e-02 2.28933e-01
 43    44 -1.13018e+03 6.78533e-02 2.25666e-01
 44    45 -1.11222e+03 6.59372e-02 2.22465e-01
 45    46 -1.12316e+03 6.41267e-02 2.19686e-01
 46    47 -1.12583e+03 6.24099e-02 2.17196e-01
 47    48 -1.12431e+03 6.07578e-02 2.15088e-01
 48    49 -1.13190e+03 5.91899e-02 2.13377e-01
 49    50 -1.13639e+03 5.77475e-02 2.12177e-01
