i, epoch, loss, l2_err, h1_err
  0     1 -6.68189e+01 9.69799e-01 1.54488e+00
  1     2 -3.61359e+02 9.18281e-01 2.24731e+00
  2     3 -6.04709e+02 8.80047e-01 2.85543e+00
  3     4 -6.84666e+02 8.55484e-01 3.20102e+00
  4     5 -6.89032e+02 8.48189e-01 3.30515e+00
  5     6 -7.39603e+02 8.60766e-01 3.13519e+00
  6     7 -8.01175e+02 8.79948e-01 2.84893e+00
  7     8 -8.20563e+02 8.98164e-01 2.59158e+00
  8     9 -8.55346e+02 9.07790e-01 2.45923e+00
  9    10 -8.52106e+02 9.06586e-01 2.45889e+00
 10    11 -8.82840e+02 8.96837e-01 2.55695e+00
 11    12 -9.18582e+02 8.81813e-01 2.72521e+00
 12    13 -9.36586e+02 8.66178e-01 2.91209e+00
 13    14 -9.40535e+02 8.52508e-01 3.05175e+00
 14    15 -9.28592e+02 8.42939e-01 3.11343e+00
 15    16 -9.45272e+02 8.39705e-01 3.09786e+00
 16    17 -9.77742e+02 8.43534e-01 3.02380e+00
 17    18 -1.00810e+03 8.52019e-01 2.92450e+00
 18    19 -1.00358e+03 8.60691e-01 2.82933e+00
 19    20 -9.77527e+02 8.65123e-01 2.76105e+00
 20    21 -1.00498e+03 8.64235e-01 2.72855e+00
 21    22 -1.01302e+03 8.58812e-01 2.73880e+00
 22    23 -1.04852e+03 8.50880e-01 2.78746e+00
 23    24 -1.04796e+03 8.42644e-01 2.85509e+00
 24    25 -1.02213e+03 8.35528e-01 2.91004e+00
