i, epoch, loss, l2_err, h1_err
  0     1 -4.90176e+01 9.39254e-01 9.59544e-01
  1     2 -1.19561e+02 9.04625e-01 9.27178e-01
  2     3 -1.89064e+02 8.70114e-01 8.95108e-01
  3     4 -2.54359e+02 8.35816e-01 8.63360e-01
  4     5 -3.18488e+02 8.01739e-01 8.31970e-01
  5     6 -3.80605e+02 7.67980e-01 8.00969e-01
  6     7 -4.33331e+02 7.34488e-01 7.70360e-01
  7     8 -4.90155e+02 7.01332e-01 7.40273e-01
  8     9 -5.41119e+02 6.68607e-01 7.10751e-01
  9    10 -5.86604e+02 6.36268e-01 6.81768e-01
 10    11 -6.33647e+02 6.04418e-01 6.53445e-01
 11    12 -6.86934e+02 5.73100e-01 6.25797e-01
 12    13 -7.15118e+02 5.42388e-01 5.98900e-01
 13    14 -7.58296e+02 5.12216e-01 5.72787e-01
 14    15 -7.93529e+02 4.82722e-01 5.47584e-01
 15    16 -8.16533e+02 4.53898e-01 5.23251e-01
 16    17 -8.51483e+02 4.25806e-01 4.99779e-01
 17    18 -8.80473e+02 3.98483e-01 4.77292e-01
 18    19 -9.03501e+02 3.72002e-01 4.55827e-01
 19    20 -9.22364e+02 3.46410e-01 4.35317e-01
 20    21 -9.42131e+02 3.21662e-01 4.15851e-01
 21    22 -9.72727e+02 2.97892e-01 3.97493e-01
 22    23 -9.77431e+02 2.75119e-01 3.80286e-01
 23    24 -1.00893e+03 2.53323e-01 3.64258e-01
 24    25 -1.01769e+03 2.32601e-01 3.49425e-01
 25    26 -1.02743e+03 2.13019e-01 3.35711e-01
 26    27 -1.05501e+03 1.94585e-01 3.23117e-01
 27    28 -1.06930e+03 1.77348e-01 3.11699e-01
 28    29 -1.07421e+03 1.61416e-01 3.01512e-01
 29    30 -1.07086e+03 1.46747e-01 2.92526e-01
 30    31 -1.07047e+03 1.33477e-01 2.84735e-01
 31    32 -1.07918e+03 1.21657e-01 2.78019e-01
 32    33 -1.09320e+03 1.11291e-01 2.72367e-01
 33    34 -1.10932e+03 1.02493e-01 2.67730e-01
 34    35 -1.09429e+03 9.52241e-02 2.63966e-01
 35    36 -1.10466e+03 8.95281e-02 2.61133e-01
 36    37 -1.12080e+03 8.53249e-02 2.59035e-01
 37    38 -1.10820e+03 8.25085e-02 2.57584e-01
 38    39 -1.09975e+03 8.08987e-02 2.56679e-01
 39    40 -1.11615e+03 8.03279e-02 2.56290e-01
 40    41 -1.12013e+03 8.04987e-02 2.56180e-01
 41    42 -1.13521e+03 8.12353e-02 2.56386e-01
 42    43 -1.12537e+03 8.23698e-02 2.56835e-01
 43    44 -1.11015e+03 8.36486e-02 2.57383e-01
 44    45 -1.11927e+03 8.50543e-02 2.58099e-01
 45    46 -1.13827e+03 8.64826e-02 2.58907e-01
 46    47 -1.11548e+03 8.78362e-02 2.59733e-01
 47    48 -1.11424e+03 8.90936e-02 2.60553e-01
 48    49 -1.13083e+03 9.01999e-02 2.61333e-01
 49    50 -1.11985e+03 9.10985e-02 2.62021e-01
