i, epoch, loss, l2_err, h1_err
  0     1 -9.43296e+01 9.92923e-01 1.25177e+00
  1     2 -1.63329e+02 9.84950e-01 1.30646e+00
  2     3 -2.26606e+02 9.77272e-01 1.37743e+00
  3     4 -2.82842e+02 9.70167e-01 1.45175e+00
  4     5 -3.50482e+02 9.63023e-01 1.52186e+00
  5     6 -4.08935e+02 9.55764e-01 1.58481e+00
  6     7 -4.54901e+02 9.48102e-01 1.63742e+00
  7     8 -5.12381e+02 9.39945e-01 1.67922e+00
  8     9 -5.59965e+02 9.31262e-01 1.71266e+00
  9    10 -5.99938e+02 9.21939e-01 1.73747e+00
 10    11 -6.53570e+02 9.12021e-01 1.75517e+00
 11    12 -6.77738e+02 9.01498e-01 1.76596e+00
 12    13 -7.15450e+02 8.90437e-01 1.77283e+00
 13    14 -7.65747e+02 8.78753e-01 1.77491e+00
 14    15 -7.88591e+02 8.66431e-01 1.77422e+00
 15    16 -8.26921e+02 8.53517e-01 1.77080e+00
 16    17 -8.58432e+02 8.40011e-01 1.76508e+00
 17    18 -8.73666e+02 8.25814e-01 1.75682e+00
 18    19 -8.94812e+02 8.11072e-01 1.74650e+00
 19    20 -9.26133e+02 7.95786e-01 1.73381e+00
 20    21 -9.43823e+02 7.79999e-01 1.71920e+00
 21    22 -9.68317e+02 7.63684e-01 1.70223e+00
 22    23 -9.80545e+02 7.46918e-01 1.68285e+00
 23    24 -9.98726e+02 7.29619e-01 1.66103e+00
 24    25 -1.03195e+03 7.11924e-01 1.63723e+00
 25    26 -1.04170e+03 6.93879e-01 1.61108e+00
 26    27 -1.03012e+03 6.75488e-01 1.58229e+00
 27    28 -1.04375e+03 6.56864e-01 1.55170e+00
 28    29 -1.05244e+03 6.38035e-01 1.51952e+00
 29    30 -1.05832e+03 6.19054e-01 1.48601e+00
 30    31 -1.07843e+03 5.99984e-01 1.45142e+00
 31    32 -1.07563e+03 5.80861e-01 1.41592e+00
 32    33 -1.09037e+03 5.61712e-01 1.37964e+00
 33    34 -1.08277e+03 5.42582e-01 1.34284e+00
 34    35 -1.10932e+03 5.23524e-01 1.30577e+00
 35    36 -1.09844e+03 5.04479e-01 1.26857e+00
 36    37 -1.09989e+03 4.85526e-01 1.23159e+00
 37    38 -1.12742e+03 4.66723e-01 1.19476e+00
 38    39 -1.09959e+03 4.48085e-01 1.15823e+00
 39    40 -1.11605e+03 4.29674e-01 1.12224e+00
 40    41 -1.10435e+03 4.11525e-01 1.08679e+00
 41    42 -1.12001e+03 3.93643e-01 1.05169e+00
 42    43 -1.11753e+03 3.76078e-01 1.01702e+00
 43    44 -1.11988e+03 3.58847e-01 9.82684e-01
 44    45 -1.13588e+03 3.41989e-01 9.48807e-01
 45    46 -1.11009e+03 3.25529e-01 9.15369e-01
 46    47 -1.13587e+03 3.09445e-01 8.82353e-01
 47    48 -1.10268e+03 2.93801e-01 8.50055e-01
 48    49 -1.12681e+03 2.78664e-01 8.18476e-01
 49    50 -1.12561e+03 2.64019e-01 7.87578e-01
