i, epoch, loss, l2_err, h1_err
  0     1 -6.95941e+01 9.81351e-01 1.36220e+00
  1     2 -1.41908e+02 9.76830e-01 1.45391e+00
  2     3 -2.19098e+02 9.72280e-01 1.57512e+00
  3     4 -2.78095e+02 9.67697e-01 1.68952e+00
  4     5 -3.30670e+02 9.62883e-01 1.78466e+00
  5     6 -3.85467e+02 9.57937e-01 1.86546e+00
  6     7 -4.45755e+02 9.52745e-01 1.93192e+00
  7     8 -4.99414e+02 9.47140e-01 1.98436e+00
  8     9 -5.48253e+02 9.41237e-01 2.02712e+00
  9    10 -5.96861e+02 9.35070e-01 2.05870e+00
 10    11 -6.29671e+02 9.28673e-01 2.08210e+00
 11    12 -6.83102e+02 9.21922e-01 2.09873e+00
 12    13 -7.02253e+02 9.14725e-01 2.10924e+00
 13    14 -7.46784e+02 9.07273e-01 2.11317e+00
 14    15 -7.67644e+02 8.99590e-01 2.11329e+00
 15    16 -8.16520e+02 8.91666e-01 2.10892e+00
 16    17 -8.36836e+02 8.83523e-01 2.10045e+00
 17    18 -8.67075e+02 8.75113e-01 2.08930e+00
 18    19 -8.84125e+02 8.66357e-01 2.07550e+00
 19    20 -9.11920e+02 8.57238e-01 2.05984e+00
 20    21 -9.29899e+02 8.47781e-01 2.04232e+00
 21    22 -9.51155e+02 8.37910e-01 2.02406e+00
 22    23 -9.73686e+02 8.27674e-01 2.00462e+00
 23    24 -9.88918e+02 8.17010e-01 1.98387e+00
 24    25 -1.00981e+03 8.05921e-01 1.96257e+00
 25    26 -1.02990e+03 7.94440e-01 1.94062e+00
 26    27 -1.01510e+03 7.82592e-01 1.91745e+00
 27    28 -1.02497e+03 7.70416e-01 1.89361e+00
 28    29 -1.03401e+03 7.57899e-01 1.86888e+00
 29    30 -1.04517e+03 7.45009e-01 1.84344e+00
 30    31 -1.07811e+03 7.31835e-01 1.81668e+00
 31    32 -1.04526e+03 7.18325e-01 1.78906e+00
 32    33 -1.09104e+03 7.04513e-01 1.76115e+00
 33    34 -1.08043e+03 6.90402e-01 1.73311e+00
 34    35 -1.09281e+03 6.76048e-01 1.70478e+00
 35    36 -1.09172e+03 6.61438e-01 1.67614e+00
 36    37 -1.09236e+03 6.46594e-01 1.64724e+00
 37    38 -1.09469e+03 6.31522e-01 1.61790e+00
 38    39 -1.09119e+03 6.16276e-01 1.58836e+00
 39    40 -1.11528e+03 6.00933e-01 1.55807e+00
 40    41 -1.10699e+03 5.85555e-01 1.52749e+00
 41    42 -1.12362e+03 5.70101e-01 1.49659e+00
 42    43 -1.09796e+03 5.54605e-01 1.46526e+00
 43    44 -1.11827e+03 5.39068e-01 1.43326e+00
 44    45 -1.10858e+03 5.23556e-01 1.40076e+00
 45    46 -1.11692e+03 5.08144e-01 1.36763e+00
 46    47 -1.11559e+03 4.92811e-01 1.33394e+00
 47    48 -1.11985e+03 4.77610e-01 1.30012e+00
 48    49 -1.11747e+03 4.62593e-01 1.26638e+00
 49    50 -1.10948e+03 4.47757e-01 1.23270e+00
