i, epoch, loss, l2_err, h1_err
  0     1 -6.85989e+01 9.92995e-01 1.47571e+00
  1     2 -1.47052e+02 9.89492e-01 1.57077e+00
  2     3 -2.11244e+02 9.85983e-01 1.69038e+00
  3     4 -2.71111e+02 9.82394e-01 1.80766e+00
  4     5 -3.34424e+02 9.78643e-01 1.90886e+00
  5     6 -3.89761e+02 9.74783e-01 1.99324e+00
  6     7 -4.47281e+02 9.70573e-01 2.06082e+00
  7     8 -4.97389e+02 9.65993e-01 2.11328e+00
  8     9 -5.36873e+02 9.61099e-01 2.15412e+00
  9    10 -5.88474e+02 9.55875e-01 2.18696e+00
 10    11 -6.32177e+02 9.50329e-01 2.21362e+00
 11    12 -6.60993e+02 9.44536e-01 2.23482e+00
 12    13 -7.11127e+02 9.38461e-01 2.25121e+00
 13    14 -7.37709e+02 9.32120e-01 2.26227e+00
 14    15 -7.70916e+02 9.25494e-01 2.26693e+00
 15    16 -7.88150e+02 9.18591e-01 2.26736e+00
 16    17 -8.27011e+02 9.11472e-01 2.26438e+00
 17    18 -8.60991e+02 9.04035e-01 2.25811e+00
 18    19 -8.78440e+02 8.96268e-01 2.24926e+00
 19    20 -9.21950e+02 8.88111e-01 2.23746e+00
 20    21 -9.27300e+02 8.79536e-01 2.22271e+00
 21    22 -9.34165e+02 8.70555e-01 2.20584e+00
 22    23 -9.46654e+02 8.61193e-01 2.18764e+00
 23    24 -9.83448e+02 8.51420e-01 2.16723e+00
 24    25 -9.96201e+02 8.41224e-01 2.14480e+00
 25    26 -1.01480e+03 8.30637e-01 2.12093e+00
 26    27 -1.01019e+03 8.19703e-01 2.09634e+00
 27    28 -1.02334e+03 8.08491e-01 2.07089e+00
 28    29 -1.03393e+03 7.96982e-01 2.04493e+00
 29    30 -1.04706e+03 7.85241e-01 2.01829e+00
 30    31 -1.04325e+03 7.73304e-01 1.99096e+00
 31    32 -1.05532e+03 7.61156e-01 1.96315e+00
 32    33 -1.08766e+03 7.48776e-01 1.93514e+00
 33    34 -1.07050e+03 7.36182e-01 1.90645e+00
 34    35 -1.07849e+03 7.23465e-01 1.87708e+00
 35    36 -1.08599e+03 7.10546e-01 1.84744e+00
 36    37 -1.08077e+03 6.97469e-01 1.81705e+00
 37    38 -1.10818e+03 6.84282e-01 1.78608e+00
 38    39 -1.10131e+03 6.70995e-01 1.75457e+00
 39    40 -1.10155e+03 6.57608e-01 1.72284e+00
 40    41 -1.08336e+03 6.44106e-01 1.69046e+00
 41    42 -1.10630e+03 6.30513e-01 1.65791e+00
 42    43 -1.10074e+03 6.16773e-01 1.62516e+00
 43    44 -1.09373e+03 6.02976e-01 1.59240e+00
 44    45 -1.12016e+03 5.89112e-01 1.55900e+00
 45    46 -1.10256e+03 5.75189e-01 1.52529e+00
 46    47 -1.10749e+03 5.61246e-01 1.49149e+00
 47    48 -1.11370e+03 5.47288e-01 1.45744e+00
 48    49 -1.11176e+03 5.33397e-01 1.42339e+00
 49    50 -1.11695e+03 5.19623e-01 1.38983e+00
