i, epoch, loss, l2_err, h1_err
  0     1 -2.34267e+01 9.41805e-01 9.56314e-01
  1     2 -9.72321e+01 9.07152e-01 9.23556e-01
  2     3 -1.62994e+02 8.73656e-01 8.92049e-01
  3     4 -2.28150e+02 8.40938e-01 8.61806e-01
  4     5 -2.93791e+02 8.08420e-01 8.32098e-01
  5     6 -3.48139e+02 7.75911e-01 8.02541e-01
  6     7 -4.08647e+02 7.43263e-01 7.72781e-01
  7     8 -4.55284e+02 7.10692e-01 7.42968e-01
  8     9 -5.15498e+02 6.78292e-01 7.13181e-01
  9    10 -5.58270e+02 6.46350e-01 6.83820e-01
 10    11 -6.17239e+02 6.15158e-01 6.55328e-01
 11    12 -6.74105e+02 5.84842e-01 6.27989e-01
 12    13 -7.14305e+02 5.55158e-01 6.01770e-01
 13    14 -7.47971e+02 5.25600e-01 5.76233e-01
 14    15 -7.94418e+02 4.95718e-01 5.50783e-01
 15    16 -8.30119e+02 4.65531e-01 5.25376e-01
 16    17 -8.62478e+02 4.35327e-01 5.00261e-01
 17    18 -8.94817e+02 4.05628e-01 4.75936e-01
 18    19 -9.35632e+02 3.76823e-01 4.52811e-01
 19    20 -9.52493e+02 3.49340e-01 4.31317e-01
 20    21 -9.77356e+02 3.23450e-01 4.11812e-01
 21    22 -9.97245e+02 2.99207e-01 3.94109e-01
 22    23 -9.87880e+02 2.76758e-01 3.78234e-01
 23    24 -1.01908e+03 2.56076e-01 3.63721e-01
 24    25 -1.05417e+03 2.37020e-01 3.50109e-01
