i, epoch, loss, l2_err, h1_err
  0     1 -7.53550e+01 9.83446e-01 1.24998e+00
  1     2 -1.44727e+02 9.73225e-01 1.28338e+00
  2     3 -2.11412e+02 9.63238e-01 1.32990e+00
  3     4 -2.76078e+02 9.53492e-01 1.37933e+00
  4     5 -3.33527e+02 9.43946e-01 1.42884e+00
  5     6 -3.89752e+02 9.34334e-01 1.47322e+00
  6     7 -4.41259e+02 9.24394e-01 1.51061e+00
  7     8 -4.92158e+02 9.14242e-01 1.54298e+00
  8     9 -5.46568e+02 9.03746e-01 1.57082e+00
  9    10 -5.91669e+02 8.92876e-01 1.59349e+00
 10    11 -6.35593e+02 8.81492e-01 1.61199e+00
 11    12 -6.78494e+02 8.69610e-01 1.62642e+00
 12    13 -7.23158e+02 8.57039e-01 1.63772e+00
 13    14 -7.49171e+02 8.43914e-01 1.64537e+00
 14    15 -7.80963e+02 8.30125e-01 1.65015e+00
 15    16 -8.17380e+02 8.15623e-01 1.65119e+00
 16    17 -8.47472e+02 8.00488e-01 1.64851e+00
 17    18 -8.67482e+02 7.84847e-01 1.64167e+00
 18    19 -8.84086e+02 7.68656e-01 1.63110e+00
 19    20 -9.41317e+02 7.51841e-01 1.61599e+00
 20    21 -9.43691e+02 7.34455e-01 1.59675e+00
 21    22 -9.64270e+02 7.16463e-01 1.57438e+00
 22    23 -9.73604e+02 6.97974e-01 1.54905e+00
 23    24 -9.97458e+02 6.79050e-01 1.52097e+00
 24    25 -1.02425e+03 6.59653e-01 1.49087e+00
 25    26 -1.00890e+03 6.39870e-01 1.45861e+00
 26    27 -1.02900e+03 6.19782e-01 1.42478e+00
 27    28 -1.04947e+03 5.99453e-01 1.38932e+00
 28    29 -1.06275e+03 5.79001e-01 1.35261e+00
 29    30 -1.05602e+03 5.58490e-01 1.31465e+00
 30    31 -1.07103e+03 5.37947e-01 1.27604e+00
 31    32 -1.06833e+03 5.17465e-01 1.23723e+00
 32    33 -1.08165e+03 4.97104e-01 1.19819e+00
 33    34 -1.07963e+03 4.76961e-01 1.15912e+00
 34    35 -1.11504e+03 4.56997e-01 1.12031e+00
 35    36 -1.11033e+03 4.37322e-01 1.08212e+00
 36    37 -1.10022e+03 4.17972e-01 1.04442e+00
 37    38 -1.09978e+03 3.98945e-01 1.00737e+00
 38    39 -1.12069e+03 3.80277e-01 9.71126e-01
 39    40 -1.10074e+03 3.62026e-01 9.35800e-01
 40    41 -1.08772e+03 3.44236e-01 9.01013e-01
 41    42 -1.13216e+03 3.26864e-01 8.66845e-01
 42    43 -1.12097e+03 3.09949e-01 8.33485e-01
 43    44 -1.11574e+03 2.93491e-01 8.00920e-01
 44    45 -1.11924e+03 2.77514e-01 7.69240e-01
 45    46 -1.11926e+03 2.62026e-01 7.38551e-01
 46    47 -1.12727e+03 2.47001e-01 7.08576e-01
 47    48 -1.13337e+03 2.32479e-01 6.79409e-01
 48    49 -1.13996e+03 2.18461e-01 6.51019e-01
 49    50 -1.11606e+03 2.04957e-01 6.23333e-01
