i, epoch, loss, l2_err, h1_err
  0     1 -4.71914e+01 9.68661e-01 1.10178e+00
  1     2 -1.17023e+02 9.55704e-01 1.12183e+00
  2     3 -1.78078e+02 9.43507e-01 1.15043e+00
  3     4 -2.43120e+02 9.31434e-01 1.18418e+00
  4     5 -3.03324e+02 9.19080e-01 1.21868e+00
  5     6 -3.65632e+02 9.06202e-01 1.25095e+00
  6     7 -4.18542e+02 8.92707e-01 1.27993e+00
  7     8 -4.76863e+02 8.78347e-01 1.30725e+00
  8     9 -5.31507e+02 8.63361e-01 1.33277e+00
  9    10 -5.69822e+02 8.47755e-01 1.35553e+00
 10    11 -6.12471e+02 8.31692e-01 1.37531e+00
 11    12 -6.60316e+02 8.15110e-01 1.39130e+00
 12    13 -6.98682e+02 7.98246e-01 1.40341e+00
 13    14 -7.42586e+02 7.80882e-01 1.41190e+00
 14    15 -7.78378e+02 7.62947e-01 1.41676e+00
 15    16 -7.97656e+02 7.44574e-01 1.41853e+00
 16    17 -8.43416e+02 7.25684e-01 1.41650e+00
 17    18 -8.64294e+02 7.06457e-01 1.41137e+00
 18    19 -8.98957e+02 6.86954e-01 1.40308e+00
 19    20 -9.13144e+02 6.67319e-01 1.39166e+00
 20    21 -9.31057e+02 6.47514e-01 1.37757e+00
 21    22 -9.60180e+02 6.27613e-01 1.36047e+00
 22    23 -9.74090e+02 6.07682e-01 1.34078e+00
 23    24 -9.86060e+02 5.87566e-01 1.31857e+00
 24    25 -9.91019e+02 5.67342e-01 1.29410e+00
 25    26 -1.02197e+03 5.47195e-01 1.26765e+00
 26    27 -1.02960e+03 5.27053e-01 1.23961e+00
 27    28 -1.03443e+03 5.06957e-01 1.20990e+00
 28    29 -1.04757e+03 4.87082e-01 1.17902e+00
 29    30 -1.05377e+03 4.67298e-01 1.14650e+00
 30    31 -1.07100e+03 4.47623e-01 1.11288e+00
 31    32 -1.06889e+03 4.28156e-01 1.07824e+00
 32    33 -1.09092e+03 4.08924e-01 1.04280e+00
 33    34 -1.08859e+03 3.90031e-01 1.00678e+00
 34    35 -1.10552e+03 3.71600e-01 9.70647e-01
 35    36 -1.09172e+03 3.53582e-01 9.34557e-01
 36    37 -1.10447e+03 3.36003e-01 8.98808e-01
 37    38 -1.09196e+03 3.18816e-01 8.63028e-01
 38    39 -1.11547e+03 3.02045e-01 8.27695e-01
 39    40 -1.12444e+03 2.85747e-01 7.92747e-01
 40    41 -1.12619e+03 2.69945e-01 7.58415e-01
 41    42 -1.14037e+03 2.54645e-01 7.24614e-01
 42    43 -1.10901e+03 2.39820e-01 6.91401e-01
 43    44 -1.12092e+03 2.25501e-01 6.59199e-01
 44    45 -1.13377e+03 2.11714e-01 6.27874e-01
 45    46 -1.13205e+03 1.98467e-01 5.97532e-01
 46    47 -1.12160e+03 1.85723e-01 5.68083e-01
 47    48 -1.12563e+03 1.73503e-01 5.39886e-01
 48    49 -1.13241e+03 1.61790e-01 5.12934e-01
 49    50 -1.12856e+03 1.50555e-01 4.87016e-01
