i, epoch, loss, l2_err, h1_err
  0     1 -1.11265e+02 9.53411e-01 1.01870e+00
  1     2 -1.88245e+02 9.38943e-01 1.02649e+00
  2     3 -2.58800e+02 9.23206e-01 1.04350e+00
  3     4 -3.29456e+02 9.07027e-01 1.07030e+00
  4     5 -3.91778e+02 8.91497e-01 1.10614e+00
  5     6 -4.49634e+02 8.77444e-01 1.14869e+00
  6     7 -5.15385e+02 8.68292e-01 1.19902e+00
  7     8 -5.79199e+02 8.62676e-01 1.25634e+00
  8     9 -6.41674e+02 8.56450e-01 1.31811e+00
  9    10 -6.85410e+02 8.51350e-01 1.38604e+00
 10    11 -7.46775e+02 8.45337e-01 1.46043e+00
 11    12 -7.98291e+02 8.37187e-01 1.54062e+00
 12    13 -8.16750e+02 8.27623e-01 1.62466e+00
 13    14 -8.65772e+02 8.20181e-01 1.70877e+00
 14    15 -8.88391e+02 8.14216e-01 1.78876e+00
 15    16 -9.23604e+02 8.10117e-01 1.86403e+00
 16    17 -9.39663e+02 8.07428e-01 1.93398e+00
 17    18 -9.66327e+02 8.05243e-01 1.99783e+00
 18    19 -9.72635e+02 8.02121e-01 2.05589e+00
 19    20 -1.02356e+03 7.98145e-01 2.10841e+00
 20    21 -1.01890e+03 7.91737e-01 2.15515e+00
 21    22 -1.04008e+03 7.83399e-01 2.19482e+00
 22    23 -1.04239e+03 7.74970e-01 2.22839e+00
 23    24 -1.04146e+03 7.64749e-01 2.26182e+00
 24    25 -1.05545e+03 7.55611e-01 2.29189e+00
